000790060900002010500600024600000030007000500080000007450008003060200009090045000
824791365936452718571683924619574832347826591285319647452968173168237459793145286
000100390007002410410060008000940800000000000006015000600050073028300100039001000
265184397897532416413769528352947861184623759976815234641258973728396145539471682
020000000030290460006305000080400902040000010302007050000609100071043080000000040
928764531537291468416385297185436972749852316362917854854679123271543689693128745
020000050600240800047081002000003610000000000069100000800630120001052006050000070
128396754635247891947581362582473619713965248469128537874639125391752486256814973
000584600000000140030060700000006210900000003024300000007040060019000000003697000
791584632862739145435261798358976214976412583124358976287145369619823457543697821
000034008030000500100650002048000006050403080900000320600042001001000090700890000
562934718834127569179658432348279156256413987917586324695342871481765293723891645
000082360000701980000004000090000006604000702700000030000500000042103000035470000
417982365263751984589364271398217546654839712721645839176528493842193657935476128
790160300004080000001000000503700040600908002040005701000000100000090400008031056
795162384364589217281473695523716849617948532849325761932654178156897423478231956
010009050890070000005020700100002903600000007309600004008010600000060025040200070
217849356893576142465123798154782963682394517379651284528417639731968425946235871
700000000000020084980004710000009231000000000176800000042100069860040000000000003
724918356631725984985364712458679231293451678176832495342187569869543127517296843
014003089002700000060010030480000190100000006056000047070080010000005900540900370
714653289832794651965218734487526193193847526256139847679382415321475968548961372
340050000010000052005710430090038005000000000500920060083072600650000070000060021
349256187716384952825719436497638215268145793531927864183572649652491378974863521
006004800800000001300800540004090000020453060000060200061009008500000002009100400
156974823847532691392816547614298375728453169935761284461329758583647912279185436
003400090900072000042000003800500410000000000079008006600000940000120007090006800
753461298968372154142985673836597412215634789479218536627853941584129367391746825
051000020800010900000070800200009000700103009000400008002090000007050003040000610
951846327876312954423975861234589176768123549195467238312694785687251493549738612
050960700000000000090038400304000600000706000002000904001470060000000000007019050
153964728428157396796238415374592681819746532562381974231475869985623147647819253
400006030000010609620000005000087000380000061000640000100000084706020000030900006
419256837573418629628739145964187352387592461251643978192365784746821593835974216
080035140900010300000000005000690003003501900800023000200000000008050002019470080
786235149952814367134967825547698213623541978891723654275386491468159732319472586
027010000004200900900037008085000002079000350600000890500380006003006500000040210
827619435314258967956437128485193672279864351631572894592381746143726589768945213
000074050870060003006000002002040709700302006301090200400000500100020084060480000
213974658874265193596813472652148739749352816381697245428739561137526984965481327
000501308000000060800070020000097200300204009007130000040060005010000000708403000
496521378572348961831976524184697253365284719927135846243769185619852437758413692
902004700180029000007006000040080000803000907000070020000600200000150063008200501
932514786186729354457836192741982635823465917569371428315648279294157863678293541
000000857001807002070560000010600290000090000089001060000035020500106900364000000
436912857951847632872563419713654298645298371289371564198435726527186943364729185
040500020000078004005090006010080209000000000503040060800050300700120000020009040
948516723136278954275394186417685239682931475593742861869457312754123698321869547
000900530002640000000001006800100300093508170005009008300700000000032900049006000
164987532582643719937251846876124395293568174415379628328795461651432987749816253
060200000000000040904300008093007000500843009000600320400006905070000000000002010
365284197287961543914375268693127854521843679748659321432716985176598432859432716
000089006008000007630020098300005600000801000005400002480060035700000200100750000
517389426928614357634527198391275684246891573875436912489162735753948261162753849
000009530000030002090806000050690007000201000700085010000403060200060000039700000
872149536461537892395826471158694327943271685726385914587413269214968753639752148
000001700000050002001709804805300090000000000060002108403907500200030000008100000
934281765786453912521769834845316297192874653367592148413927586259638471678145329
400008600058620003000100000103000076006000800890000305000004000300071560004900001
471398652958627143632145798123589476546732819897416325215864937389271564764953281
000000024065020800000700005690240000003000700000035012700001000006080530540000000
379856124165924873824713695691247358253198746487635912732561489916482537548379261
002090005090580706000000409000700000600104002000005000904000000203057060700040100
872496315491583726536271489145729638689134572327865941964318257213957864758642193
400010900060000003090806500006043700000502000004980200007609020600000040001030007
478315962562794183193826574286143795719562438354987216847659321635271849921438657
000000040035204860020006700090800000304000906000003020006500010071302650050000000
769138542135274869428956731592861473314725986687493125246589317971342658853617294
004002678000058200000004030000000580070000090023000000040800000002130000687200300
154392678739658214268714935416973582875426193923581467341865729592137846687249351
000000001100004800708009040410008000050673010000900026030400605004800007500000000
349286751125734869768159342416528973952673418873941526231497685694815237587362194
000009000030205607000080205053000026000603000640000370401020000507904080000700000
275369814834215697916487235753148926129673548648592371491826753567934182382751469
000000600010080007700025900820053000003000800000790032007630008500070010004000000
238947651915386247746125983829453176473261895651798432197634528562879314384512769
900030000340570006006000300650300200000601000003007085009000700500013064000020003
925136478348579126716482359657398241284651937193247685439865712572913864861724593
020590008000400200000600104000016380008000400069780000203007000005009000900035020
124593678896471253537628194452916387718352469369784512283167945675249831941835726
000090000150400070060000950005700041700030008810006500087000010040002085000050000
478695132159423876362178954625789341794531628813246597587964213946312785231857469
920807000060020000705001000000040032040000090830090000000200103000050040000304028
924867315361529487785431269179645832542783691836192574498276153213958746657314928
001003800080005007700029003007000905040000080306000400500960008100500020008300500
291473856483615297765829143817234965942756381356198472524961738139587624678342519
300007009008300012620001000000260003400000008900038000000400067290006400800500001
314627589578349612629851374781264953463915728952738146135492867297186435846573291
280003004007005600040001070000000240000579000073000000050300080008400900400800051
285763194317945628946281375591638247624579813873124569759312486168457932432896751
600017090005200400000095070008040032007000100290060500050830000002004300030150008
623417895975283461841695273518749632367528149294361587756832914182974356439156728
008007005307061208210000000006000002001802300800000500000000023402750609100600700
968247135357961248214385967736519482541872396829436571675194823482753619193628754
000503090000900060007040005570080900009000500003090018600020300080004000040609000
426513897158972463937846125574281936819367542263495718691728354382154679745639281
002000010309002000070301040056000700200706005007000360020903050000200401080000600
642857913319642578578391246156439782234786195897125364421963857965278431783514629
000100604700062038080000010090001000100020005000900040050000070320750006401003000
932178654715462938684395712293541867147826395568937241856219473329754186471683529
006040180040780000500000000070004050001000300050900040000000006000013090063070800
236549187149782563587361429672134958491856372358927641715498236824613795963275814
103750000000040930000100007800500049000604000940001005300006000015020000000015206
183759624756842931294163857862537149531694782947281365329476518615928473478315296
000000072700030900000897000205000300018060290003000801000342000006010008120000000
839451672741236985562897143295178364418563297673924851987342516356719428124685739
070000005000400300103900080000230500804705603005084000080001706009007000300000050
978123465526478391143956287761239548894715623235684179482591736659347812317862954
001080005806504000700001000004002007050000040200700300000400006000609102100050700
941387625836524971725961483694832517357196248218745369572413896483679152169258734
000950002000700091000012800300600100016000520008004003003560000540007000900031000
137958462825746391694312857379625148416873529258194673783569214541287936962431785
007004100240000008500069000038407000100000007000801930000570004400000025005600700
367284159249135678581769243638497512192356487754821936913572864476918325825643791
000000706200300004004790000940800050080010060030004017000037600600009008103000000
319485726275361984864792135941876253782513469536924817458237691627159348193648572
300000000006021004010008069030200400050090020002003090860100070100830900000000006
398465712576921834214378569639287451751694328482513697865149273127836945943752186
007002800000080050380000090070804000059000430000105080040000079020070000006200100
497562813612983754385741692173894526859627431264135987548316279921478365736259148
670800005024000091100000600000070300000403000006020000001000009560000270700008053
679812435824365791153794682245976318917483526386521947431257869568139274792648153
308000700600000301010006080000900200290504013001002000050400020803000005002000906
328195764675248391914376582436917258297584613581632479159463827863729145742851936
042000050010003002000209000007006100100302005005800900000607000800400090030000460
642781359918563742753249816387956124194372685265814973421697538876435291539128467
000000000068520040320040000400007350000209000081300006000070064050086920000000000
714698235968523147325741689496817352573269418281354796839172564157486923642935871
000430809000090370000807501002008600030000010009600700708204000045080000203069000
571436829824195376396827541152978634637542918489613752768254193945381267213769485
300609070070520000900300020032000007080000090500000840010007006000068030040203008
321689475674521389958374621432895167187436592569712843813947256295168734746253918
605071802000009003008000410000700004060000050400003000056000200200800000804210607
635471892142689573978352416523798164769124358481563729356947281217836945894215637
050000007260970005009300100000013000008000300000480000005004900600097021100000050
853641297261978435479352186946213578518769342327485619785124963634597821192836754
070690000000502700020100036000009800700080005009700000180007020006201000000064010
478693152631542789925178436352419867714386295869725341183957624546231978297864513
000300065005007400000100090021003000809000302000800170040001000008900200690004000
912348765385697421476152893721463958869715342534829176247531689158976234693284517
000005000903004700100790000015080002030000090400070150000029008001500406000600000
647315289923864715158792364715983642236451897489276153364129578891537426572648931
300218000000000032040036000800051070705000301030820005000470050490000000000189007
379218564186945732542736198864351279725694381931827645218473956497562813653189427
500300070019070000003000410000005200080109030002800000038000100000010740090002006
524361879819574623673298415941635287786129534352847961438756192265913748197482356
800210090006300045900000000001000080305000107080000300000000001170006900060098004
854217693716389245932645718621573489395864127487921356549732861178456932263198574
570000000089005000100200000020018070006000800030520040000004007000300180000000023
573861294289435716164279538425618379716943852938527641352184967647392185891756423
000960000096700000007003980001000070500406008070000400015600800000008130000035000
853964721196782354427513986641829573539476218278351469315647892764298135982135647
000906070205074000000030002009007820500000007034100900900040000000290106050608000
143926578295874631876531492619357824528469317734182965961745283487293156352618749
009080002030000000012365000005006010090837020040500800000623790000000080900070100
469781532538294671712365948285946317196837425347512869851623794674159283923478156
609080700003500000002006008730095000000000000000310049200600800000008100007050902
659481723183572496472936518734295681921864375568317249215649837396728154847153962
000000070430000001001420960140500000009060200000004017025087100300000085080000000
698153472432976851571428963147532698859761234263894517925387146316249785784615329
040609100600070000013000000100083054000104000830950001000000870000090002006208090
548639127692471538713825946169783254257164389834952761921546873485397612376218495
010080006980600000700000012100008300005000200003700005690000001000009048400010030
514382976982671453736954812179528364865143297243796185698437521351269748427815639
000000800030800790905400002000600051020090060670002000800001509059006040002000000
247963815136825794985417632398674251521398467674152983863741529759236148412589376
040090001100700036008000000090030200600501008002080070000000400480005007300070050
743692581125748936968153742891437265674521398532986174257869413489315627316274859
060005800003061070000200000010086740000109000026540080000002000070810600005600090
462795813853461279197238564519386742748129356326547981681952437974813625235674198
100204008907000100040100000000740600010902040008061000000006010004000309700305006
135274968927658134846139572592743681613982745478561293359426817264817359781395426
709030000004200105800005000000800703006000900403002000000600009902003500000010607
759136284634287195821495376295861743186374952473952861517628439962743518348519627
024750010009000000000020705002061070001000200080490300206040000000000500030018490
824756913579183642163924785952361874341875269687492351296547138418639527735218496
000030027007004000090580040060020003005090600900060010020041030000900100410050000
154639827387214956692587341861725493245193678973468215726841539538972164419356782
000000000470031200001070504300009600190000057008600003604050800003920065000000000
862495731475831296931276584347519628196382457258647913624153879783924165519768342
003600050100050000070400006001306802609070401302108600900002080000030007030004500
493621758168957243275483916751346892689275431342198675917562384524839167836714529
600000000030701020700300800000040090203090504080010000005009001090208070000000002
652984137938751426741326859517643298263897514489512763325479681194268375876135942
800020649400100020000080005000760098000000000380045000100070000040008002578090004
815327649467159823932684715254761398796832451381945267129473586643518972578296134
007000000090001020610005807503000004020907030700000208801500042070800050000000100
357298461498671523612345897583126974124987635769453218831569742276814359945732186
002009600000004790908060340000038000080000050000210000021040908097600000003900500
142379685635824791978165342719538426286497153354216879521743968897651234463982517
070060000415000000003100250500000780007904500062000004034002900000000642000050030
278563491415297863693148257541326789387914526962875314134682975859731642726459138
020004105401708000000000000200000930060502070019000006000000000000409503603200080
827634195491758362536921748285176934364592871719843256942385617178469523653217489
945000003100000900007000041490670000000105000000048029530000100009000004600000358
945716283182534976367289541493672815826195437751348629538467192219853764674921358
080600500000501300090000001062000109000000000105000430600000070007204000009005080
781639542426581397593472861362847159948153726175926438614398275857264913239715684
000500801000109000000030690000390080019805370040067000078050000000602000902008000
397526841456189723281734695725391486619845372843267159178953264534672918962418537
005001000060005000097030006016000800730000015002000970800020790000700040000800300
345671289268945137197238456416597823739482615582163974854326791623719548971854362
090006030003407800006080000920000710000000000081000092000040100008509300030200050
897156234213497865546382971924865713375921648681734592752643189468519327139278456
000003046640000700018000000030701502700000008102305060000000980004000073390400000
927513846643829751518647239436781592759264318182395467275136984864952173391478625
500010000840602000213009006001800090700000001030005400100200365000501024000060009
567314982849652137213789546451876293782943651936125478174298365698531724325467819
200307004005000000070810030730008000690000075000700023060021080000000100100603002
289367514315249768476815239732458691698132475541796823964521387823974156157683942
005879020020000400006400050000004000942000861000200000050003600004000070060598100
415879326728635419396412758581964237942357861673281594159743682834126975267598143
810006300400009560000000000980004002000908000700600091000000000079500008008300045
817456329432189567596273184981734652265918473743625891354892716679541238128367945
000900000479080000020006000160004580002000100058100064000700040000040675000008000
816973452479582316523416798167234589942865137358197264695721843281349675734658921
000006020520004006060520940006100800080050060005009200059082030600700098070600000
894316725521974386763528941236147859987253164415869273159482637642731598378695412
800507000900608005001040080003000000056000190000000200090070500400806007000204001
864517329927638415531942786743129658256783194189465273698371542412856937375294861
086001000300000006500890400640005000800030005000900048007069001100000004000100270
986341527314527986572896413649785132821634795753912648237469851195278364468153279
760000000100509030080100000500061024200000005840950003000004070070608002000000041
765483219124579638389126457593861724216347985847952163958214376471638592632795841
030150060000000400907002010800700000009080300000004007090500103002000000070061050
234158769581679432967432518843795621719286345625314897496527183152843976378961254
008700000065000010000020000029305670070010020043207980000090000030000290000004700
398751462265943817714628539129385674876419325543267981657892143431576298982134756
000086200830500006001700805200000089000090000170000003506003900700008061003620000
495186237837542196621739845254371689368295714179864523586413972742958361913627458
004520600038000009000009000050000300400706001009000020000400000100000790003097400
914528673238671549576349182751982364482736951369154827897415236145263798623897415
090000320008020406300670001000904000000010000000708000600093002501080900034000070
196845327758321496342679851213964785879512634465738219687193542521487963934256178
800000034500900000006800910304010000020603070000080309085004100000008002610000003
891276534573941628246835917364719285928653471157482369785324196439168752612597843
100700805000000907050090040002003000080602070000800200090040030605000000304009001
149736825836425917257198643462973158981652374573814269798241536615387492324569781
000001000300970028002080004030810000070000050000056080700030800520049006000600000
487261593351974628692583714235817469876492351914356287769135842528749136143628975
000304080960100000108006007070000250400000008025000010600800103000001045010403000
752394681964187532138256497871639254496512378325748916649875123283961745517423869
020000004006003017000050060007005030009000500080600400050020000860700300100000040
328176954546983217971452863417295638639847521285631479754329186862714395193568742
000006040900200005006580070050800067070000030380002090090028300100005009060700000
517396842938247615246581973459813267672954138381672594794128356123465789865739421
003000072004007001000039640000006200050000090002900000049150000200400100680000300
863514972924687531517239648498376215756821493132945867349158726275463189681792354
020603010430080006605000000008900000070805040000001300000000209100090064060207080
829653417437189526615724893548932671371865942296471358784516239152398764963247185
100063000605900000920047600810000000002000100000000063009780036000006904000420008
148263795675918342923547681817635429362894157594172863459781236281356974736429518
000870520020100030000300097001430080005000600070068100140003000030001060056047000
463879521729154836518326497691435782385712649274968153142683975837591264956247318
095600002040150030008000000000500900080391050007006000000000800020067090300005120
195634782742158639638729541413572968286391457957846213569213874821467395374985126
000010400010000789400800050030200005002506300900003070050004008294000030001020000
578319426613452789429867153137298645842576391965143872756934218294681537381725964
000050000806004905400000003700190048000070000920068001600000009502600804000030000
291356487836724915457981623765193248318472596924568371683247159572619834149835762
000050703000000086800704501000030074000502000360070000201306007950000000403010000
612958743745123986839764521528639174197542638364871295281396457956487312473215869
002400800187000002000001000200009003071000260300600007000500000500000329009004500
652437891187956432493281675265879143971345268348612957826593714514768329739124586
600200490020001000000006002010600300050423060006008070900300000000500030083009005
678235491524791683391846752419657328857423169236918574945372816162584937783169245
012004000076530000040060000069000100120000056007000430000080020000049670000200840
312894765876531294945762318469325187123478956587916432794683521258149673631257849
700024900008060450000003006030000000506409208000000090600700000042010700001690004
765824913398167452124953876239581647516479238487236591653742189942318765871695324
036089000900000020004650000350000060007000800060000037000097200020000001000510480
736289145915743628284651379352178964497365812861924537143897256528436791679512483
008001000034002081920003007300600004000040000200009005400300028870100590000500700
658471932734952681921863457389615274517248369246739815465397128873124596192586743
003070400824603000000000003400700001080402070700008002500000000000907534008030700
653871429824693157179524863462759381381462975795318642537146298216987534948235716
004025013600000000020400500000800060008050400070001000001008040000000006950740200
784925613615387924329416578593874162168259437472631895231568749847192356956743281
009003700000000008006170009007030006038000190400090500200018400600000000003400200
159683724372954618846172359927531846538246197461897532295718463684325971713469285
300001075610200000209008400000002000003050100000900000002800503000007081890300004
384691275615274839279538416968142357423756198157983642742819563536427981891365724
230007001007201030000005007000000300708000504004000000900700000020608100800300062
235987641487261935619435287152874396768193524394526718946712853523648179871359462
800200700000008020005600108030905004000000000100706090208004500060800000009003002
896241753741358926325697148632915874957482361184736295278164539563829417419573682
000000073008016004009002610001000000080609020000000400096200700400950100810000000
164895273278316954539472618641527839783649521952138467396281745427953186815764392
000005472000040060000000051087560000001090600000021940490000000010070000678100000
869315472153247869724986351987564123241793685536821947495632718312478596678159234
000960300030700050000005740000000930400000001092000000056200000020003060009071000
587964312934712856261385749615427938473859621892136574756248193128593467349671285
009450200000000080620700090300000000450809012000000005030001059060000000002073600
819456273547392186623718594371245968456839712298167435734621859165984327982573641
000230095007906008000001006000009021000503000920100000600300000700402100340067000
168234795437956218259781346573649821814523679926178534692315487785492163341867952
000040100340680050009500000085000007600000008700000560000008900050096073001020000
576943182342681759819572634185264397693715428724839561237458916458196273961327845
500007030900004005008100000000000290040209010069000000000005900800700003090600004
526987431971324685438156729185473296347269518269518347613845972854792163792631854
000000060283600005090750000060400070500070004040002090000097080700006953050000000
175824369283619745694753812869435271521978634347162598432597186718246953956381427
006150070001000500920000030060030000002906800000080040040000085007000900090024700
386159472471362598925478631864731259532946817719285346243697185657813924198524763
890530040500902000001000900028003000049000510000600820007000200000701008080065071
896537142534912786271846935728153469649278513315694827167389254453721698982465371
003900020060003501900000004051080600090102030006040910800000003602700080030008400
173954826264873591985621374751389642498162735326547918817496253642735189539218467
007000340400009000500300008804907000010000060000208409200001004000600005038000100
697185342483729651521346978864917523912534867375268419256891734149673285738452196
000020000800700000710603000050390600061802350007056010000105039000008001000040000
639524187845719263712683495458391672961872354327456918274165839596238741183947526
000038054460070300000402060000000830300564007052000000090703000004010083520840000
217638954469175328835492761746921835381564297952387416198753642674219583523846179
000000080400950010090023500901200008008000600600009105009340020030095001070000000
365174289482956317197823564951267438748531692623489175519348726236795841874612953
090000860030002000406070000080900400200534006009007020000040201000200050062000040
197453862835692714426178539683921475271534986549867123758346291314289657962715348
000042500109700002000090003701000000080604070000000904500020000400009201003450000
376842519159763842824591763741985326982634175635217984597126438468379251213458697
000090076060800039000300004090100700700609002003008090100002000470005010320010000
234591876567824139918367524892143765741659382653278491189432657476985213325716948
000052008000080160000100032007030801100000004208010300840009000025040000900570000
371652498592483167684197532457936821139825674268714359843269715725341986916578243
970000062003080050804600300500003900000802000008400005007008501080010700350000028
975341862623987154814625379542173986196852437738469215467238591289516743351794628
001004000260080300400700000710000680024000750098000013000007004005010096000600500
851364927267189345439752861713945682624831759598276413986527134375418296142693578
480000000762040005005072000004200906036010540509003700000720100200090653000000027
483651279762849315915372468174285936836917542529463781358726194247198653691534827
006091270100000009000200140000080600000954000008020000083007000200000003019630800
846391275172465389935278146524783691361954728798126534683547912257819463419632857
000104000002000008046003070260005810070000030084900052030700590500000600000501000
759184263312657948846293175263475819975812436184936752631728594527349681498561327
800940500030070004600008000040100930000000000056004070000400009100060020007092003
872943516539671284614528397748156932321789645956234871283415769195367428467892153
000290008009050000002007395010700000090806030000004020834900600000060700700082000
567293418349158276182647395218739564495826137673514829834971652921465783756382941
090050300000002100100040020059400000300070002000006970060030007004100000001080090
297851364643792158185643729759428631316579842428316975862934517974165283531287496
400809600009006040000020000082070410000000000031060790000010000020700100007608005
473859621259136847816427359682975413794381562531264798368512974925743186147698235
094000000700080005506740002000009100000507000007100000600058301800090006000000540
394215687721986435586743912253869174418537269967124853672458391845391726139672548
001070300500630010730000050020800001300000007600001080060000045050094002004060900
841572396592638714736419258429857631318946527675321489967283145153794862284165973
000046008080000040009100703000000020000351000090000000701004800060000050500920000
357246918186739245429185763613498527274351689895672431731564892962817354548923176
100900065006000000300006400500200040600705009080001006009800007000000900430002008
148923765726458193395176482573269841614785239982341576269814357851637924437592618
000006005057002000020081090600000042009000600230000008090810020000300180700200000
983476215157932864426581793675198342849723651231654978394817526562349187718265439
000280700800004009000001048000100200085706390002005000240800000500600003007093000
456289731831574629729361548974138265185726394362945187243857916598612473617493852
090040070080007000020300001209700034400000007370006502500008020000100050010030040
693841275184257369725369481269715834458923617371486592547698123832174956916532748
009450000070080005500000100080004093013000540620300070001000007200060010000019300
839451726176982435542637189785124693913876542624395871391548267258763914467219358
510000000600708000027000000074800060002306900080004130000000740000502006000000059
518629473693748521427135698374891265152376984986254137865913742749582316231467859
083070000200500000700801009032000900007040800005000640300209006000005003000030120
683974251291563784754821369432658917967142835815397642348219576126785493579436128
002030700109080400000900008000200070045000230090004000500008000007090105006050800
852436719139587462674921358368215974745869231291374586523148697487693125916752843
000006000000500826000020074002603009307000108500901200270060000458002000000100000
824736591739514826615829374142683759397245168586971243271468935458392617963157482
007080005000001038008005410900000040000312000050000002041800900580900000200030500
127483695495671238638295417912568743764312859853749162341857926586924371279136584
019380500072010000006007000850060030000000000040050081000700400000040150004035960
419386572372514896586927314857461239291873645643259781165798423938642157724135968
000060000209008700080492000905000100020000060003000509000123040002700901000040000
314567892269318754587492316975634128821975463643281579798123645432756981156849237
000000002089060300060018509010000405900000001304000020601530090003040150200000000
137495862589762314462318579716923485928654731354871926641537298893246157275189643
080019500400000860900400003000300020000080000020004000100007005095000007007160080
783619542451732869962458173514396728379281456826574391148927635695843217237165984
000031000005408006307950000504000009800000003100000702000069405200705300000380000
648231957915478236327956814574823169892617543136594782783169425261745398459382671
050008400400730820800000030000100059000207000530004000040000007063079002008500060
357628491496731825812495736724183659689257314531964278245316987163879542978542163
000180000906400001000006200040079102001000900807230040003500000500004308000017000
754182693926453871138796254345679182261845937897231546413528769572964318689317425
000000060060104320803500009000000135000308000136000000300002706087906050090000000
914823567765194328823567419278649135549318672136275984351482796487936251692751843
900007030000100605000000740005001006007806400400500800091000000602008000040600009
916457238274183695538269741385741926127896453469532817891374562652918374743625189
020000010031028007400010030000000080500409003070000000080030006200560840060000020
827345619631928457459716238946173582512489763378652194185234976293567841764891325
000004509000003460000050070380600200046030950007005086030040000061300000904200000
613784529759123468428956173385679214146832957297415386832547691561398742974261835
300100006098007300060930000000000005540090082100000000000049020007300460900002008
375124896298567314461938257739281645546793182182456973653849721827315469914672538
009005600000019200000000019500930070020704090070021003680000000004250000002600700
219475638463819257857362419548936172321784596976521843685197324734258961192643785
020190000000460000060000405804000000005010700000000802509000080000079000000053020
423195678158467239967382415894726153235918764716534892579241386382679541641853927
004006009380000470001000000060302000800000005000507040000000300017000056400200100
574136289386925471921874563765342918842619735139587642698751324217493856453268197
004700000000008074009100620396800700000000000007006935043001200270600000000004500
684723159512968374739145628396852741451397862827416935943571286275689413168234597