000004906006308000000076810407090005009000700600030104078140000000709300104600000
781524936926318457543976812437291685819465723652837194378142569265789341194653278
007401300100000000200703450000007036001040900670100000082604003000000009009305700
857461392134952867296783451948527136321846975675139284782694513513278649469315728
104000050090020000000013046008102300300040007002706800810490000000070080030000405
124687953693524178587913246978152364361849527452736891816495732245371689739268415
000012490000587030060090002290000007000706000700000028400060050080435000051970000
837612495924587136165394782296843517518726349743159628479261853682435971351978264
000083650070000080500000390060009240300708006059200070037000009010000060096840000
921483657673925184584671392768139245342758916159264873837516429415392768296847531
050470006900300074600051000000800300500090002009005000000730008420009007700012040
352478916918326574674951823241867395567193482839245761196734258425689137783512649
300400072000020300267090008000280000098000210000041000600010429004060000970004005
319458672845627391267193548431289756598376214726541983683715429154962837972834165
204030807010800040050000000080003705900080004703500080000000020060007010801040509
294136857617895243358274961186423795925781634743569182579318426462957318831642579
008602000040010809030908050901300600000000000006001405060409010804030090000806300
198652743245713869637948152951384627423567981786291435362479518874135296519826374
024087090000036200090020000301079000070000080000510903000050010008260000030790620
624187395857936241193425867381679452579342186246518973962853714718264539435791628
090007000050024100402000000270009350680000041019800027000000502003710090000200010
196537284758624139432981765274169358685372941319845627861493572523718496947256813
900000508608003000270608010000100053090000020840005000050206081000400605306000002
934712568618953247275648319762194853593867124841325976459236781127489635386571492
004309000005040037031007000000070006043020810100030000000700560560010200000608900
674389152985241637231567489852174396743926815196835724418792563569413278327658941
000301009009000403006240000790080030005030600030070054000093800803000500900408000
482351769519867423376249185794685231125934678638172954261593847843716592957428316
014300000090000400000500819100830700300704002002096008627001000008000020000003680
814369275795218463263547819149832756386754192572196348627981534438675921951423687
205083060000600000000027500301002004008301600400800307007930000000004000040250109
275483961814695723936127548361572894798341652452869317127936485589714236643258179
000001200078230409000040630002000040400090002090000100087010000903028710001500000
364951287178236459529847631812763945436195872795482163287314596953628714641579328
062005100040103090000000005073086920000000000024310670300000000050902060006800750
862495137745123896931768245173586924689247513524319678397651482458972361216834759
000087004007610200080005000650001340000806000031500096000100020008063100100420000
516287934397614285284395671652971348749836512831542796963158427428763159175429863
002079008379000004001036500700000000010503060000000003008920300200000451100340200
652479138379158624481236597736812945814593762925764813548921376293687451167345289
008100530060003900000600017000006029090702050270800000740008000001900040089005100
928174536167253984534689217813546729496732851275891463742318695651927348389465172
204086010070000008000740050005070042000208000920050300050067000400000080060410509
294586713576123498183749256635971842741238965928654371359867124412395687867412539
700000010000400970400071000604250080009708200070016409000930005013007000020000007
782693514361425978495871623634259781159748236278316459847932165913567842526184397
200004000000007023400905018040130002090000030300059080920703006570800000000500007
268314579159687423437925618745138962892476135316259784921743856574862391683591247
000270000290100304000003025030000400408090603009000010820500000501008049000017000
385274961296185374174963825632851497418792653759436218827549136561328749943617582
002004056600005234040000000700001040000538000080400005000000080275100009310900500
832794156697815234541362798759621843426538917183479625964257381275183469318946572
000085006050009300470003000098030020005020800040070910000400038001300040900860000
123785496856249371479613285798136524315924867642578913567492138281357649934861752
340020000076009000050107002000200030704050201020004000400605020000900470000010063
341826957276549318859137642985261734764358291123794586438675129612983475597412863
542000800000004000308000009170030500204506708009070036700000905000600000001000324
542369871917284653368715249176438592234596718859172436723841965495623187681957324
350070000009031080700000004006400035080060070210007800800000009040980100000040068
358674912429531687761892354976418235583269471214357896835126749647985123192743568
090008005004000900001749008000204083000080000380605000500327100002000800900800020
793168245864532971251749638619274583425983716387615492548327169132496857976851324
040050300031800090800009000050063100007405900006170050000200001070004530003010040
249751368731846295865329714452963187317485926986172453594238671178694532623517849
000008500040150900200004080000001073027090140630700000060800009002067030003500000
976328514348156927215974386459281673827693145631745298164832759592467831783519462
800000509006018000003250040205030070600000001090080405060093800000870200708000003
827364519546918732913257648285431976674529381391786425462193857139875264758642193
010706508004500006000008700000380005080050070500012000003100000900005300601803040
219746538874531296365298714496387125182954673537612489743169852928475361651823947
600000900001059070007003006500902007002030500700105003100500400090270300006000005
654817932321659874987423156538942617412736598769185243173568429895274361246391785
006040300000010002902600051000100090090274080060003000810006405600050000005090200
156842379738519642942637851284165793391274586567983124819726435623458917475391268
470020000051006090008400037009000010006080700040000600610008300090200470000040061
473829156251376894968415237789634512536182749142957683614798325395261478827543961
012000078800700000007004100950070200060801050001090083004100800000007009170000520
412935678896712345537684192958473261763821954241596783624159837385267419179348526
001405006020100000650208001064000000203000708000000630700603045000004080300701900
931475826428169573657238491864357219213946758579812634782693145196524387345781962
085000000002970000001002040300500260260090014018006003090600300000089100000000490
985164732432978651671352849349517268267893514518246973194625387753489126826731495
000000015021600478070001000000030080008714200060080000000100090742003560150000000
496278315321659478875341629214536987938714256567982143683125794742893561159467832
602001000100000020305600000001052800056109470007480100000004503010000008000500206
672891354189345627345627981431752869856139472927486135268974513514263798793518246
305079006090000040801004000000937000079000130000216000000500703060000080900780604
345179826796328541821654379512937468679845132438216957284561793167493285953782614
000000000036089400800300056010056200600803005003170060380004009004790510000000000
529467381136589472847321956418956237672843195953172864385614729264798513791235648
900000000006740530007005642000003000143000726000400000469500200085069100000000005
954632817826741539317895642692173458143958726578426391469517283285369174731284965
075840000000029000300060010810003009067000130500200076020050007000930000000086940
675841293481329765392567814814673529267495138539218476926154387748932651153786942
000092000490000021520043060800000900030050010002000007040320095210000036000570000
683192574497865321521743869876214953934657218152938647748326195215489736369571482
900001570000000090100009008040003856600080001538600020800200007090000000012300004
983461572467825193125739648241973856679582431538614729854296317396147285712358964
005300000200007980049080000000100200107894503004002000000010670016700004000008300
875369421231457986649281735598136247127894563364572198483915672916723854752648319
032000001800001500401000006000048012050607040610320000300000904006700003100000270
532876491869431527471295836793548612258617349614329785387152964926784153145963278
000007000500409206408002010109000008850000049300000601040300902903801005000700000
632157894517489236498632517179546328856213749324978651741365982963821475285794163
000400120100082037000050084069000001001000200300000890580020000710940002026005000
638497125145682937297351684869273451451869273372514896584726319713948562926135748
410200000708510200059000000803041000004000800000350406000000380001075902000004015
416293758738516294259487163863741529574962831192358476645129387381675942927834615
060000010500160000710080506108000002600507008900000107206040095000032001090000030
364275819582169473719483526178694352623517948945328167236841795457932681891756234
460000002905800060073090000000049830000308000084720000000050180020007409500000023
468513972915872364273496518652149837197368245384725691739254186821637459546981723
030000000100047092008900050050790200706000508002065040010002900840630005000000080
934256871165847392278913654451798236796324518382165749513482967847639125629571483
700600000056000040002835100230000410060000020081000093005329800020000930000006002
713694285856271349942835176239568417467913528581742693175329864628457931394186752
009000000050000386378020094200500600000108000006007008720030519863000070000000800
619384725452719386378625194287593641945168237136247958724836519863951472591472863
010090000090670350800000000521080030009307800030020914000000006056043090000060070
613495782294678351875132469521984637469317825738526914387259146156743298942861573
000021905800050070053004002000090560700000004091040000100800320060030008208410000
476321985812659473953784612384297561725163894691548237149875326567932148238416759
087009000006020970409600500000893040000000000010275000003008709061030200000900360
187359426536421978429687531675893142392146857814275693243568719961734285758912364
030487100010050400040000070092004000001902600000800320020000010004090030003271090
239487165716359482548126973392764851851932647467815329925643718174598236683271594
800060900040000003000790528903280700000000000001037805314078000500000080007010009
825361974749825613136794528953286741478159362261437895314978256592643187687512439
030007000610050007907003000400370080020804060070092001000600902500020078000700050
235487196614259837987163524451376289329814765876592341748635912563921478192748653
190000607000000400608040059089160000000309000000084190240070503006000000903000061
194835627735692418628741359589167234412359876367284195241976583876513942953428761
008062000602100480510000000805007003000050000400300805000000054046008301000210900
738462519692135487514789632865947123923851746471326895189673254246598371357214968
190800423050029800000010000500000260000070000046000009000090000008340050619008034
197865423354729816862413597571934268983672145246581379435197682728346951619258734
096080073007900000200050006073004080000090000060200130700060004000002300820030960
596481273347926851218357496973514682182693745465278139731869524659742318824135967
000006000003201005250087030902000370007000400064000902040890027800605100000400000
478356291693241785251987634912564378387129456564738912146893527829675143735412869
050200040360007050001060003000000037200649005510000000800070100070100028020004070
958213746362487951741965283689521437237649815514738692895372164473196528126854379
090754002104006000030008600021000000400301008000000540003800050000500409500469080
698754312174236895235198674821645937459371268367982541943827156786513429512469783
700009001000600437060701005008900003000060000500008100400806050679002000100300006
752439861891625437364781925218954673947163582536278194423816759679542318185397246
003029070090605002420700080000007004007000100500300000070006043800402050010590700
153829476798645312426731589381957264947268135562314897275186943839472651614593728
004600007032009000000083190003060780000801000045020600069230000000100970300004800
984612357132579468576483192213965784697841235845327619769238541428156973351794826
400017000000080092908540000240000700103000809007000014000039108380050000000470006
426917583715683492938542671249861735153724869867395214674239158382156947591478326
406000000907401500000030084800040000090352010000090007120070000003604901000000703
436825179987461532251937684812746395794352816365198247129573468573684921648219753
100006000900824007400001806635000040000000000040000195709600003300159004000300001
182736459956824317473591826635918742291475638847263195719642583368159274524387961
400720053057800000360000004030012000500000001000650040700000018000001730190078006
419726853257834169368195274936412587524387691871659342745263918682941735193578426
039000504400200900500104032000005600070000020006800000640309001005001006703000240
239687514481253967567194832392415678874936125156872493648329751925741386713568249
054806710000030060070001000483000000001408600000000842000100090040050000069703580
254896713918237465376541928483962157521478639697315842735184296842659371169723584
005000001700600050420105000000003098070956030230700000000801027010007003900000600
365489271791632854428175369156243798874956132239718546543861927612597483987324615
025001640000030002300002010060000300009368100001000070050800001100070000082600930
925781643718436592346952718564127389279368154831549276657893421193274865482615937
003090520290001000007035000000050380004020100062080000000360400000400059049070600
483796521295841763617235894971654382854923176362187945528369417736418259149572638
607900003000003020040050790004005010500209004030800200073090060010600000200004907
657928143198473625342156798924735816581269374736841259873592461419687532265314987
004087000080090000000003020800304295039000870472908006050700000000010030000530900
364287159281495763795163428816374295539621874472958316953742681647819532128536947
500900601093000200400002000000236005100080003600719000000100009008000730204007006
582973641793461258461852397849236175127584963635719482376148529918625734254397816
003080270002006008071005000004800026200000009960002800000200480300400600026090300
643981275592746138871325964134879526285634719967512843759263481318457692426198357
000005132002300600000840000509080000008256400000030501000074000006008300215900000
487695132952317648361842957539481726178256493624739581893174265746528319215963874
894001000300006040002054000005200310100000007037009500000680100010400005000900426
894721653351896742762354981985267314146538297237149568423685179619472835578913426
009600700420000059700000030004080300680050072005070400040000007950000046007009200
539614728426837159718295634174982365683451972295376481342168597951723846867549213
809300000051900006600020750002500090000807000030006800028050001500002930000003507
879365142251974386643128759782541693496837215135296874328759461567412938914683527
007400350940200007000701096000900500600000003002008000150604000700003045024007100
817469352946235817235781496483976521671542983592318674159624738768193245324857169
028006105300097000670820000006000008090000040800000600000054032000780004504600710
928346175345197286671825493416273958792568341853419627167954832239781564584632719
250007000000380050300500007803060009790000061400090305500001004070023000000600023
258917436947386152361542987813765249795234861426198375532871694679423518184659723
010008005000000140350100600000082356000601000675390000002003089081000000700800020
917468235826935147354127698149782356238651974675394812462513789581279463793846521
040000073090080150005070009680500000000764000000001096100050700037090060560000020
842915673796483152315276489681529347953764218274831596129658734437192865568347921
019000720004800060760000800007060000306208107000040600005000071070005200042000350
819356724524871963763924815497163582356298147281547639935682471178435296642719358
045300000007108000200065340800700500070000090004001008026830005000506200000007960
645372819397148652281965347813794526572683491964251738426839175739516284158427963
700008090043000000060100307070004030080761040090300060806005070000000580030800009
751638294943527618268149357672954831385761942194382765826495173419273586537816429
000068020060000803005000604402605900000803000006402105504000200709000080020130000
143568729267941853895327614472615938951873462386492175534786291719254386628139547
100007300600000025000840000010703080407020903030604010000036000580000002003200006
128567349674319825359842761912753684467128953835694217291436578586971432743285196
001050006307000000450620030070900000804506107000007090010095078000000603700060900
921753486367849512458621739172984365894536127536217894613495278249178653785362941
002000600000490000000073491100049030800030004090580006689320000000068000003000100
942815673731496285568273491157649832826137954394582716689321547415768329273954168
603005090000700520000900860038050010007000900060090340045003000016009000070500604
683125497194768523752934861938456712427381956561297348245673189316849275879512634
901000207052007030300092000580000000006904700000000021000250009040800310803000502
961348257452167938378592164584721693126934785739685421617253849245879316893416572
002090580060007000509001002820000600310000029006000038700200906000400010043060800
132694587468527391579381462827913654314856729956742138781235946695478213243169875
000000924002034000907800000080405200204000506003108040000001407000570100371000000
835617924162934875947852361789465213214793586653128749526381497498576132371249658
016950700050008000000040105000009007903010208500800000304090000000300010001074950
216953784457168329839742165168429537973615248542837691324591876795386412681274953
000103070014570800000026040000000630406000507031000000050780000007092150090605000
968143275214579863375826941789451632426938517531267489152784396647392158893615724
060090213500400000009700008280000040007080900010000027300007100000002004451030070
764598213528413769139726458283971546647285931915364827392647185876152394451839672
000500082500074000003080701000840500050306010008051000304010600000260007870005000
761539482582174369943682751219847536457326918638951274324718695195263847876495123
000401000040200000029070600302000058091020740750000206005080420000002030000903000
587461392643298175129375684362714958891526743754839216935687421476152839218943567
034000962260004000000060080020035700000106000009820030010050000000400027452000810
734581962268394175195762384621935748873146259549827631317258496986413527452679813
600802500000003014051079000802000003040000080700000405000250870480100000005307009
694812537278563914351479268862745193543921786719638425936254871487196352125387649
100640000040003065350090002700020500090000020008050006800060071670400050000032004
182645937947213865356897412761928543495376128238154796824569371673481259519732684
704061000060000810500200067158000200000000000009000176410006002093000040000170603
784561329962743815531289467158697234376412958249358176417936582693825741825174693
200060080080000204007480300900250070800000003050076008008027500506000040020010006
234965187685731294197482365963258471872149653451376928348627519516893742729514836
004000000800730500000206087600000150052601470081000002530102000007064005000000700
374518269826739514195246387643927158952681473781453692539172846217864935468395721
091070826002000030000302100070580000900000004000049060007206000040000500128050670
391475826752861439864392157476583291915627384283149765537216948649738512128954673
089070000700003000000954081090300006601000803200001040960835000000400009000090520
189276435754183692326954781597348216641729853238561947962835174875412369413697528
078920006000438000100500200650000000701000302000000059006005003000283000200096810
378921546562438971194567238659312487741859362823674159986145723417283695235796814
600200075079000300500037009005000840000010000097000500200360004006000930950001002
631298475479156328582437169125973846364815297897624513218369754746582931953741682
700400009010530040004800360070003800000050000009100030023005400060098020100002005
738426519612539748954871362271963854386254971549187236823615497465798123197342685
020019560100520000004000009000301004005090800400208000800000300000073005016980070
723419568189526743564837219278361954635794821491258637857142396942673185316985472
030009070205700003004003000008012009100090005900380700000100300500006104060400050
836249571295761843714853692678512439143697285952384716429175368587936124361428957
708590020000603000090040008400015900050000040001930006600070090000408000030059604
768591423542683719193247568426815937359726841871934256684372195915468372237159684
600708901031090000008210000540000060800000007070000048000042800000050310309107004
654738921231694785798215436542879163816423597973561248165342879487956312329187654
302007500007805260010006000090000000005183700000000050000700020079608100001200907
362947518947815263518326479793562841425183796186479352834791625279658134651234987
000720000000004670247000000460170290008000300013058067000000749092500000000086000
689725134531894672247631985465173298728469351913258467856312749392547816174986523
200960430600008000005400680000050003006703100500010000084006300000800006061092008
278965431649138257135427689817254963496783125523619874984576312352841796761392548
030700006060030020800200001095020807000608000108090650700001009010060070900002030
239715486461839725857246391695123847374658912128497653742381569513964278986572134
900210730103905000005800000010400000050060070000008010000009400000601803069043007
986214735143975682725836941312497568458162379697358214231789456574621893869543127
300006270470000008002005400200008010017000340040300006001500800500000034034800009
359486271476213598182975463263748915817659342945321786691534827528197634734862159
900000050057041690000600070005034200000090000002870100040007000073460980080000004
961728453857341692324659871795134268418296537632875149249587316173462985586913724
250003900018960000007000050000610000109040302000032000080000100000084230001200094
256473981318965427947821653523619748179548362864732519482396175795184236631257894
000300420000000003800400905007030092003859700190020300305002008600000000071008000
956387421714295683832461975567134892423859716198726354345972168689513247271648539
060740300000250100500063800230000010001000400080000052006410003003095000009032070
168749325347258169592163847235984716971526438684371952826417593713695284459832671
012000000038900100000400205020600013100080002940002060307001000004009380000000650
512736849438925176769418235825697413176384592943152768387561924654279381291843657
080600004005007000006000003039010620650020071071060840700000400000400900100002030
387691254925347168416285793839714625654829371271563849793156482562438917148972536
000609007000100390000732005900006008085000710300500002200467000074003000800205000
538649127726158394491732685912376548685924713347581962259467831174893256863215479
000000095070105360300086040000260007007000600800073000060820003043607020920000000
681432795472195368359786142534261987297548631816973254765829413143657829928314576
604500700500200040710600000026000300000831000008000950000008012060009005005002407
684513729593287146712694583126945378957831264348726951479358612261479835835162497
000510090120093000300000010040020086003050400750040030010000008000160079090075000
874516392125793864369482715941327586683951427752648931417239658538164279296875143
000000910400060037006083200100005000620010085000600003002450300710090008065000000
238547916451269837976183254189735642623914785547628193892456371714392568365871429
200500003040010086000030150509700000010050030000004705078020000650040090100008004
261589473345217986987436152539761248714852639826394715478925361652143897193678524
004260010703049000000001700800000064140000053690000002001600000000120506060084200
954267318713849625286351749837512964142976853695438172321695487478123596569784231
400007280001000960000402103760000000500030008000000016104709000027000300056300007
493167285271853964685492173768215439519634728342978516134789652827546391956321847
500040730082000600140350800000018000700000002000290000003087046004000290071020003
596842731382179654147356829429718365738465912615293478253987146864531297971624583
070068000509000806306075000900000400057000260002000005000150709203000501000890030
471268953529314876386975142938526417157439268642781395864153729293647581715892634
090000006010280009302060400900006800800407002005300004006070201100042030500000040
798154326614283759352769418941526873863417592275398164436975281187642935529831647
061007308300009000040061002004900000090070030000002700700240010000700009806100240
961427358327589461548361972674913825295874136183652794759248613412736589836195247
030059006000040319060800500190000200000206000003000084008005030259030000300460050
431759826875642319962813547196384275584276193723591684648925731259137468317468952
000020049089000600400500800003900106060401070105002300004007001002000790910060000
371826549589743612426519837743985126268431975195672384854397261632154798917268453
020070014000590003010046500000700091030000060760002000002610040400029000590030020
925378614647591283813246579254763891138954762769182435382615947471829356596437128
036000008050320100000001053020000547000090000815000030470200000001049020500000710
136457298954328176287961453629183547743592681815674932478215369361749825592836714
000004300100080007006005041090700800200953004007001050820400500600030008003100000
972614385145389267386275941591746832268953174437821659829467513614532798753198426
005068000910430562040000000104000057000000000690000104000000040439021075000590200
275968413918437562346215798124389657857146329693752184562873941439621875781594236
009100000450902000102000070090070003213000794500040010030000102000605047000003600
389157426457962831162438975894271563213586794576349218635794182928615347741823659
000900006090001408200468900820700000010000070000005012002694007308100090900002000
481923756693571428275468931826719543514236879739845612152694387368157294947382165
300010000700090200640830001005600400060208050004001600100067042007080006000020003
359712864718496235642835971235679418961248357874351629183967542427583196596124783
000000400945037002000008760600300000037804210000002005053100000100540927004000000
876921453945637182312458769629315874537894216481762395253179648168543927794286531
350670100200003070100000068000100480000050000038007000940000007020700001001094056
354678192286913574197542368762139485419856723538427619945261837623785941871394256
800900500095030764100400000042097000000000000000580920000005009963020450001009003
834976512295831764176452398642197835589263147317584926428315679963728451751649283
608003072250000000000002009000026035007504100560390000700800000000000084830100907
698413572251978643473652819189726435327584196564391728746839251915267384832145967
394007000000008010010305006023450000080000090000093620200504030040100000000700485
394617258652948317718325946923456871486271593571893624267584139845139762139762485
600000000000806005453000000041600083038010950590003170000000327100902000000000009
682354791917826435453179862741695283238417956596283174869541327175932648324768519
901200000703045060000003001050301000019000370000604010200700000070520406000008907
941267853783145269526983741452371698619852374837694512294736185178529436365418927
006400530800000049000091800030802150000000000082705060001250000520000004069007200
296478531815623749743591826934862157657139482182745963371254698528916374469387215
000800300000250000951000806100907048040000050670405001406000793000041000007003000
264819375783256419951374826135967248849132657672485931416528793398741562527693184
000500800004030750000007003037400006209070501400001230500200000026040300008006000
673524819814639752952817463137452986269378541485961237591283674726145398348796125
007084000300520700000306002500230010004000300080051006900702000002015008000860200
257184693346529781891376542569237814124698357783451926938742165672915438415863279
820004000090002850600800003300010060006703500050080002100005008074300090000900045
823154976791632854645897123382519467416723589957486312169245738574368291238971645
900000000010480002004001706000065000753040261000370000205600100100057090000000007
986723415517486932324591786892165374753948261461372859275639148148257693639814527
040200080000004100200003709004068300300901008001370900903800001005100000020007030
647219583539784126218653749794568312352941678861372954973825461485136297126497835
009000761200030005007001000900760003000412000700083002000300400300020007428000300
539248761214637895687591234942765183853412976761983542176359428395824617428176359
000002009000650087009080060000048072710000035520310000040060300350021000100900000
865732419431659287279184563693548172714296835528317946947865321356421798182973654
003000000000498000645200070560100030900050002080003065050009326000326000000000400
893567241712498653645231879567182934931654782284973165158749326479326518326815497
090420060048300050030100900200048500000000000006590001009002070020004810050071020
591427368748369152632185947213748596985216734476593281169832475327654819854971623
000000029340000100000170008009016203403000901702890600600047000007000092250000000
178634529345928167926175348589416273463752981712893654691247835837561492254389716
020006900000002500400090628800700052000040000390008004681050007003200000004800060
528376941169482573437195628846719352712543896395628714681954237973261485254837169
047810000610000900005002070720000600400106003009000085090200800004000059000089210
947813562612547938835962471721358694458196723369724185196235847284671359573489216
000030065000000320503800009300005100650301098007200006800003701025000000430050000
249137865168549327573862419382695174654371298917284536896423751725918643431756982
050684000000300042003790000925000000001040800000000359000058200860003000000476080
259684731786315942143792568925837614631549827478261359314958276867123495592476183
054701000816040005000080000003920680000000000069014700000070000500090867000408930
354761298816249375792583416173925684485637129269814753938176542541392867627458931
000915030030704000006000047320006000007201900000300052450000800000403090070158000
748915236235764189196832547324596718587241963961387452453629871812473695679158324
000000009050601080680000245105032000030000070000560104418000053020304090300000000
273485619954621387681973245145732968836149572792568134418296753527314896369857421
092003050500060000300190000038500002140000037600001940000042001000050004050300270
792483156581267493364195728938574612145629837627831945873942561219756384456318279
000100000810350094009740050001000800200090003003000400040027500930085017000001000
354169782817352694629748351491273865265894173783516429148927536936485217572631948
034900500000050401000000002120005306000691000906300014800000000203040000009008270
634912587792856431581734962127485396348691725956327814865273149273149658419568273
000100820000070604030000071002380700100705002007021300760000040504010000029004000
475196823918273654236548971642389715193765482857421396761932548584617239329854167
000509304002006057000000180508090070100000003020070509086000000250800400709205000
871529364342186957965734182538491276197652843624378519486913725253867491719245638
000052001800000000004709650408017000070603020000820904062508400000000009700430000
697352841853164792214789653428917536975643128136825974362598417541276389789431265
080040000300900800001032070010009200002456700006300050050290100007003005000070030
789145326325967814461832579514789263832456791976321458653298147247613985198574632
008000206070006000402570309000143000030000060000765000304087601000600020609000800
598314276173926548462578319986143752735892164241765983354287691817639425629451837
407002001000003500005000087000081009018040270200590000530000700009700000600900308
487652931196873542325419687753281469918346275264597813532168794849735126671924358
000005002020076089000800071062400000045000820000008360630001000910260050200900000
786195432421376589593842671862437915345619827179528364634751298918264753257983146
004280007090070030100305040240000000056000490000000056070503009010020070300094100
634289517895471632127365948241956783756832491983147256472513869519628374368794125
050004070834502000002000500020008905000106000401900080003000600000205891010400020
159684372834572169762391548326748915985126437471953286293817654647235891518469723
000001270003060041001300009004087060000020000010650400100002300840030100062700000
486591273973268541521374689234187965659423718718659432197842356845936127362715894