780040000009803140003020070000730920004902300032058000050080400048307500000060083
785149632629873145413526879561734928874912356932658714356281497248397561197465283
601040000008000000050708200020600300903000406005003070004507020000000100000090503
671942835248351769359768214427689351913275486865413972194537628536824197782196543
090800000540006000238000500400200100600405007005007006002000451000500098000002070
796854312541326789238719564479268135613495827825137946982673451367541298154982673
350002900020007001000300400000800610002401700083006000001008000400100070008700056
354612987829547361617389425745893612962451738183276594571968243436125879298734156
040050060900400030002000009080030190001506800034090020600000900070002006020080050
143859267967421538852763419586237194291546873734198625618375942475912386329684751
800005040010480002000002000000009081190000027730100000000700000500046010020800003
872935146615487932349612875254379681198564327736128594461793258583246719927851463
008100630000200005050300017000900400090020080004003000230001060900005000087002900
428157639371269845659348217512986473793524186864713592235491768946875321187632954
006034079820090061000000000010820000560000028000046030000000000680050017940760200
156234879823597461479618352317825694564379128298146735731982546682453917945761283
800200000201764000040030601108000430000000000039000205306070010000125306000006004
863251749291764853745938621158692437627543198439817265386479512974125386512386974
010000480009400003000081000030004800600050007005200040000160000900005100028000050
316597482589426713274381569732614895641958237895273641453162978967835124128749356
800000100100306005060070020082050009000000000600010780050040070400907001007000008
823495167174326895569871324382754619791638542645219783258143976436987251917562438
031700000006028005800600000409080500002000800007060904000009003100230600000006120
931754286746128395825693471419387562652941837387562914264819753178235649593476128
000001900100000340040307005508000060920000034030000702200609070067000003009800000
753461928196528347842397615578243169921786534634915782285639471467152893319874256
700020306085030240000100000047390000000000000000081750000007000036050870502010004
794528316185936247623174985247395168851762439369481752918647523436259871572813694
060300000200050690900000351000004870100080003098700000812000005059010008000008030
561349287273851694984267351635194872127685943498732516812973465359416728746528139
100206508060705004000010000530020709700000002401090085000070000600403090903802007
149236578362785914875914326538621749796548132421397685254179863687453291913862457
010008006906500003080403000074300000190000025000001830000209050500006102700100060
317928546946517283285463917874352691193684725652791834461279358539846172728135469
010700600504800000607100009000000204700020008809000000100004502000007403005006070
218793645594862317637145829351678294746329158829451736173984562962517483485236971
908006001002700050003000000000200509080409060609003000000000600040001700700900105
978546231162738954453192876314267589587419362629853417291375648845621793736984125
800000409790006010005002063000600007007804900100007000940500700070200091501000004
862153479793486215415972863284695137637814952159327648948531726376248591521769384
000400070010000904800007002004090050903502601050010700400200005507000060030008000
395421876712865934846937512124796358973582641658314729469273185587149263231658497
000000600060087400804256007300720904000040000407098002700532809008960050009000000
273419685965387421814256397381725964692143578457698132746532819128964753539871246
040000080500004709308700400050900001003605800200008090007009206605800004020000010
742396185561284739398751462854973621913625847276148593187439256635812974429567318
000090350000002070060000000590001803003050700108900046000000090030400000082010000
847196352319582674265347981594761823623854719178923546456238197931475268782619435
804090070060000000000003405007300800080209040006005200309100000000000090040070508
814596372563427981792813465927341856185269743436785219379158624258634197641972538
300070500020405000050900800200000400708020309003000001006007040000204010002010007
384176592927485136651932874219763485748521369563849721196357248875294613432618957
300000904006920080000100000034017200600000008008560130000002000070085400209000003
382756914416923587597148326934817265651239748728564139845392671173685492269471853
094003028100040000003801060020000500500060002008000030010507200000020007740100950
694753128187642395253891764926374581531968472478215639819537246365429817742186953
004060003090000100000200460300905200800000001007104006016007000002000070500040300
124568793695473128783219465361985247849726531257134986416397852932851674578642319
300001000060593010100700000403000009850209064600000703000004008030876090000300006
375681942264593817189742635423167589857239164691458723716924358532876491948315276
030000200000509003090040050300600080058030740070005006080050030900208000006000010
735861294864529173291743658342617589658932741179485326487156932913278465526394817
008000006400208300010060000000300209029106870807002000000070050004905003200000400
738419526496258317512763984651387249329146875847592631963874152184925763275631498
040000000107040900026700050060400000401050203000007080090003760002090308000000040
945261837137845926826739451763428195481956273259317684594183762672594318318672549
000000040600407050705003200000040000100605007000010000003900805080104009020000000
398251746612497358745863291856749132134625987279318564463972815587134629921586473
070010000200086003003900008001000870900000005046000900300009200100840009000070040
678213594295486713413957628531694872982731465746528931354169287167842359829375146
000002703003084200001090008000000806380000014905000000700040100009250400402900000
598162743673584291241397568124739856387625914965418372756843129819256437432971685
080003400000700201400020073200000860000501000095000004520010008907004000008600030
782163459369745281451928673213479865674581392895236714526317948937854126148692537
008540030700090800009000001507020000060905020000060507800000600001080002070019300
218547936736192845459638271597821463364975128182463597823754619941386752675219384
050003809000900010000017003800030900075060130001070008700480000040001000308700020
157623849623948517489517263864135972275869134931274658716482395542391786398756421
100080000009601800080200000014005000020918030000300560000004070008106400000030002
172483956459671823683259147314765289526918734897342561261594378738126495945837612
000253060500100800009080035090000008005040600700000020270010300003007001080365000
847253169536179842129684735492736518315842697768591423274918356653427981981365274
510007064760040000002009000230010000970000018000070092000400800000030021340800079
513287964769143285482569137238915746976324518154678392627491853895736421341852679
004009051300080240001004000000000760450000032026000000000100300015090004630400500
264739851379581246581624973193245768457968132826317495942156387715893624638472519
500700000170000000023018500200080640005403900041060007002590460000000019000004002
596742138178356294423918576237189645865473921941265387782591463354627819619834752
000000309000809607005000481000010000740502096000090000654000900209605000301000000
827164359413859627965273481592416738748532196136798245654381972279645813381927564
000000082000006100060470050005010079007000300210030500050063010006900000740000000
471395682539826147862471953385612479697584321214739568958263714126947835743158296
000060090000200600580100700010600047700000009390004060009003051003002000040070000
421367895937258614586149732218695347764831529395724168679483251853912476142576983
000005640040700030600040002000400301007020500805006000200030008080002060064900000
193285647542761839678349152926457381417823596835196724251634978789512463364978215
007690800060030000901004000608003010005000200020500703000800307000010050009076100
547691832862735941931284576678923415395147268124568793416859327783412659259376184
060003090091000020400010700200071009007905600600830004003020001020000380070300040
762453198591786423438219756254671839387945612619832574843527961925164387176398245
086970020100050000092000710000009006010020090800400000051000640000010005040063180
386971524174852369592346718725189436413625897869437251251798643638214975947563182
060500024300001000250040900800009005040305080100700003003050012000100008510008070
768593124394271856251846937837619245946325781125784693683957412479132568512468379
203006078900030400000000003020915060000000000080327040700000000006070004810600705
253146978978532416461789523324915867197468352685327149749253681536871294812694735
040003610000200403906040700003008002001302500500400300009080204308004000014700050
742953618185267493936841725493578162861392547527416389679185234358624971214739856
060070050034120000200000004970000800000806000008000032700000006000057920090060070
169374258834125769257689314976532841312846597548791632725913486681457923493268175
000200060007008520000070098800050600005409700004060009570020000041600200020001000
489235167167948523253176498892753641635419782714862359578324916941687235326591874
700850009000704050405060300007006003000405000200900800008090605020601000900048002
762853419389714256415269387847126593693485721251937864178392645524671938936548172
410650070007009004900007600030000008509040307100000060005900003300100700060038095
413652879687319254952487631736291548529846317148573962875964123394125786261738495
000006830080040100030580904040100000009060300000009070108034090004050080072800000
457916832986243157231587964643178529729465318815329476168734295394652781572891643
609307001200400080000090700000004296000000000196500000007030000020009008900601307
689357421273416589514298763735184296842963175196572834467835912321749658958621347
030060180070508003080034000960400000003070200000009064000640010100203070046050020
534762189271598643689134752962415837453876291817329564328647915195283476746951328
002100090304009800000208060000780903030000080908015000050403000009800507020007600
682174395314659872795238164241786953536942781978315426857463219469821537123597648
000000006000650302004090010950400060008000100060009058080070500106083000200000000
513842976897651342624397815951428763348765129762139458489276531176583294235914687
040005308230070000005000200607400930000207000052003407003000700000030015506900040
749125368231876594865349271687451932394287156152693487413568729928734615576912843
670009000008006000005402300000000030024703180010000000006901500000600400000500076
672359841438176295195482367869215734524763189317894652786941523953627418241538976
000070460017080002300001000900040070080000020070020004000400007200090580093050000
829375461617984352354261798932846175485713629176529834568432917241697583793158246
000002600200008070068040009700054300000000000005830004500010480090600005006400000
357192648249568173168743529781954362934276851625831794572319486493687215816425937
406010000080006400005008012030902060002000900040103020910800700003600050000030201
476219385281356479395478612537942168162587943849163527914825736723691854658734291
091000000600800030800970400060000200057201680009000050002087009010009006000000320
791534862645812937823976415164758293357291684289463751532687149418329576976145328
000500080003070001600400002050106290000000000012908060400009003100080400060005000
241563987593872641678491532754136298986724315312958764425619873139287456867345129
000030010007059003040100200060700005170000026300005070008001030400570900050040000
592436718817259643643187259264713895175894326389625471728961534431578962956342187
100200030000050107005370000057400610300000009081009520000046700504020000020003001
178264935263958147495371268957482613342615879681739524839146752514827396726593481
400002078050000000060900024708100030000000000020009106690003040000000060380200001
439612578852437619167985324748156932916328457523749186691873245274591863385264791
300200040006005329000003600062000004500406002800000760008300000479800500010007008
395268147786145329124973685962731854537486912841529763658394271479812536213657498
060900080008000005905307040000041039000000000240870000070402608600000900050003010
462915387738624195915387246586241739197536824243879561371492658624158973859763412
002000070600087300000206105000570208000608000805034000304702000006140003010000400
942315876651487392738296145469571238173628954825934617394762581586149723217853469
030620004050000308400803020580900200000010000003006045020109007607000010900042030
839627154752491368461853729586934271274518693193276845325169487647385912918742536
008000070700002600500400001004010500100576004005020900200001008001300009050000100
418659372793182645562437891624913587189576234375824916236791458841365729957248163
094510002050040000106000005030700009600391008700002010400000601000030090900065230
894516372357249186126873945231784569645391728789652413473928651562137894918465237
002048009006709205070500080000000346000000000418000000080004020204307500700850400
532648179846719235179523684957281346623475891418936752385164927264397518791852463
400200000500010430030005906060900000000301000000006070904500010081090003000002009
496238157527619438138745926765924381842371695319856274974563812281497563653182749
506000008007800100841020000005003060400080007090600400000050639004009200300000704
526194378937865142841327596275943861463581927198672453712458639684739215359216784
907540006000600000040020001005300900080000030006002800100060070000003000700095604
927541386851637429643829751215384967489756132376912845192468573564173298738295614
000170090000400007000005260002300706070209050506008100087600000900004000020037000
268173594359426817741895263892351746174269358536748129487612935913584672625937481
300000000050470308042009060000600280600000009097004000020300170403056090000000003
371865924956472318842139567134697285685213749297584631529348176413756892768921453
050900200008100070600000008000610809086030710709084000300000002020001900004003050
153978264298146573647352198532617849486239715719584326361795482825461937974823651
009010400200070608000800030590600003300000004400001052030008000805090001002040300
689315427253479618147862539598624173321587964476931852734158296865293741912746385
008004000060030092090600300580200009040000030900003028006001040120050080000300100
318924657467135892295678314583217469642589731971463528736891245124756983859342176
000000036705602400001004500009400120070000060052003800006200300003501607940000000
428159736795632418361784592839476125174825963652913874516247389283591647947368251
000103200100900070090007084200601940000000000017302008620400090070009006003706000
784163259152948673396257184235681947869574312417392568628435791571829436943716825
000504100000070080000860025048000003020000060300000890830041000050030000009602000
683524179592173684174869325748296513921385467365417892837941256256738941419652738
002897000600000000050002090400080200080603070005040006010200050000000003000451800
142897635639514728758362491463785219981623574275149386814236957526978143397451862
006102408000040030400005000010500320000000000025003070000200005060090000908407600
356172498281649537479385261714568329893724156625913874147236985562891743938457612
040001000100008000067000193030005040200000006090800070529000460000700002000400080
942371658153698724867524193736215849218947536495836271529183467684759312371462985
405700800000010040370060000007200004050000010800001200000090067020030000004008905
415723896296815743378964152167289534952347618843651279581492367729536481634178925
000602100010540000020001003061000030059080210030000960200100040000025080006407000
398672154617543892524891673761259438459386217832714965275168349143925786986437521
000104000307005001081000500500690040000000000070042006005000830900200107000708000
256134789397825461481976523513697248624381975879542316765419832948263157132758694
800020705501000006000000130009205060100304007080706900092000000600000509308070002
836921745571843296924567138749285361165394827283716954492158673617432589358679412
080200005407005000300600020004900810030000070068001500040006007000500603500007080
681274395427395168359618724274953816135862479968741532843126957712589643596437281
210007030000004802008030000100700008720309064900002003000020400401500000060400059
214897635379654812658231947143765298725389164986142573537926481491578326862413759
750008010000900003000060905093080007002000300100020490907030000400001000030400069
759348216624915873381762945593184627842679351176523498917236584465891732238457169
200046051008100400000090020000064000507000108000780000090070000004002300320650007
279346851638125479415897623183564792547239168962781534896473215754912386321658947
004000023950003007073000800000960050600040008010082000001000360700600081860000400
184759623956823147273416895328961754695347218417582936541278369732694581869135472
000300900800600700000085036010500002920030051600001070750840000002006008008003000
561327984843619725279485136317564892924738651685291473756842319132976548498153267
400093020000400900000020046000009305010050060508300000620070000001008000070240001
486193527752486913139527846264719385317854269598362174625971438941638752873245691
020900000350060009890000260000390000068405170000078000083000012600030094000006050
726984531351267489894513267547391826968425173132678945483759612615832794279146358
080000000704180000300700890007030004015000630600020700061009003000068107000000060
182953476794186325356742891927631584415897632638425719861579243249368157573214968
005000003208005009013080000000200506500103007304006000000010360600700401400000700
745921683268345179913687254189274536526193847374856912897412365652738491431569728
030050200090080000850209000003004057027000340640300800000801063000040070009030020
134756289792483516856219734983124657527968341641375892275891463318642975469537128
600700000090000030005106084028000000500000003000000790730405900080000040000008006
642783519891524637375196284928367451517249863463851792736415928189672345254938176
104200800600053000500010000309607400000000000001405709000060002000570008008001906
174296835682753194593814267329687451745129683861435729437968512916572348258341976
800300120001400890000050060090100000005283400000009030080010000017005900053008006
846397125531462897972851364394176582165283479728549631689714253217635948453928716
060070980100200000000003200005040090700509001030020800003700000000006008057090060
362174985149258736578963214815347692726589341934621857683715429291436578457892163
050002000610000508307100000000059301500706002903420000000003104704000053000600080
458362719612947538397185426276859341541736892983421675829573164764218953135694287
560003012000020000900005070420001060300060008050200041090300006000040000210800057
568473912147928635932615874429781563371564298856239741794352186685147329213896457
700000000030905070008060504300012060000000000040790008601070300070203040000000009
754128693236945871918367524397812465862534917145796238681479352579283146423651789
040009020108003709906001080000020000400908002000010000030100205504700803090800040
743689521128453769956271384619327458475968132382514976837146295564792813291835647
007000020000052804004900610000049000031000240000620000049007100508290000010000500
857416329196352874324978615682149753931785246475623981249537168568291437713864592
000078100006010540000000079120000000000207000000000093340000000081050400009630000
435978126976312548812546379128493657593267814764185293347821965681759432259634781
084009001900030407300402000020100003008000200600004080000506008706090002800200750
284759361915638427367412895429185673538967214671324589142576938756893142893241756
090002001005900060400800903020006500000030000006100080108009004070001600500600020
697352841385914267412867953821746539954238716736195482168529374273481695549673128
800074009020000000006109300000048071005000900470590000007805200000000010100920006
853274169921356487746189325239648571615732948478591632367815294592467813184923756
020000700600024005000805069900600400002000500004008002890506000700210006006000010
528961743639724185417835269985672431162493578374158692891546327743219856256387914
092300050100050090300080001900004200800503006006100005500040009010070004020005160
492316857168457392375289641951764283847523916236198475583641729619872534724935168
040029500003000020020005000634050018000000000290010356000600040070000200001490080
748329561563148729129765834634257918815936472297814356982673145476581293351492687
207000000046702030310000800000003008003804200900200000008000025020607480000000701
297381564846752139315946872462173958753894216981265347178439625529617483634528791
000002090000070508098010000349600700000000000006009183000090310702040000080100000
537862491124973568698514237349681725851237946276459183465798312712346859983125674
000018020050002004000900307004100062000000000790004500206009000300800090010630000
673418925859372614421956387534197862162583479798264531286749153345821796917635248
009004002050901000470035080000000200380000015002000000090370026000102090700400100
819764352253981647476235981561843279387629415942517863194378526638152794725496138
004000960900070005008200004460035000002000600000620081800003500300040006015000300
274351968936478125158296734461835297782914653593627481849163572327549816615782349
090085000007930000000700049005200014020000060980003500350001000000059100000370050
493685721217934685568712349635297814721548963984163572356821497872459136149376258
370000000450001000001203057083460001900000004100025780610804200000100076000000018
379586142452971863861243957783469521925718634146325789617834295538192476294657318
360800100020600400809000000000400060010508040090003000000000208006001030008004057
367842195521697483849135726783419562612578349495263871974356218256781934138924657
009600000100000800060280140030005020005000300070300010054069070006000001000002900
389641752142597836567283149431975628625418397978326415854169273296734581713852964
007000901200900580010005000000002005080504090500700000000400070079001003308000100
857346921234917586916825437693182745781564392542793618165438279479251863328679154
584600000001007000930005000070520000009136200000074030000300086000700500000008713
584693172261487395937215468673529841849136257152874639715342986398761524426958713
000000601070001094000546000790005010000030000030700042000857000940100080205000000
458279631672381594319546278794625813821934756536718942163857429947162385285493167
000000920000406500000028037001905002300060009600302400280650000006209000093000000
168573924732496518945128637871945362324761859659382471287654193416239785593817246
100060000060900000800700510007001008086000230200600900015004003000006040000080009
154862397763915824829743516397521468586479231241638975615294783978356142432187659
000000070509400002200650800090040086027000390810030020002084007700003408080000000
148329675569478132273651849395142786427865391816937524632584917751293468984716253
000025000300001500175000020002008700730000059006500800080000467007800001000610000
869325174324781596175496328452968713738142659916573842581239467697854231243617985
000040050070000904000100800704800020900207006080003507009008000301000060060020000
238749651176582934495136872754861329913257486682493517529618743341975268867324195
040090007100000200070218000000006900019000860005800000000781090001000003700020040
842395617193467258576218439487136925319572864265849371634781592921654783758923146
500000030004600200000008071015080900000902000007060320740500000002009400060000009
576291834184673295923458671215387946638942517497165328749536182852719463361824759
001900200600175009900080006500000002009308500700000003400010005200439001006007900
871963254642175839935284716563791482129348567784652193497816325258439671316527948
100045060000000890600900020001000008070506010200000900080003006012000000030780002
129845763347261895658937421491372658873596214265418937984123576712654389536789142
901006007000400930004005608000060120000000000092030000809500300037008000100700806
951386247786412935324975618573864129418259763692137584869541372237698451145723896
000500076316090000050100200500000003061000420400000007008004050000060382120008000
294583176316297548857146239589472613761839425432615897678324951945761382123958764
600003980070400002020610000406000000081000490000000506000059070800002060047800009
614273985573498612928615743456927138281536497739184526162359874895742361347861259
000000700900700014517000098700802060060090030030601009370000942190008006004000000
486219753923785614517463298749832165261594837835671429378156942192348576654927381
000051340000400002000007016809700001030000080200006403690200000500008000021370000
762851349915463872384927516849732651136549287257186493698214735573698124421375968
300090600907001004000800000600703050040000060070906001000007000500100806008030005
351492687987361524264875913692713458143258769875946231416587392539124876728639145
207000000050300012001080070064075008000603000900240160020030900510006080000000706
247561893658397412391482675164975238872613549935248167726834951519726384483159726
000600904000001082300800070081090007007000200400010860030005001260100000104002000
812673954746951382359824176581296437697438215423517869938745621265189743174362598
200060000090130500500700000007020060060405080040090200000003001009046070000050009
281569734796134528534782196917328465362415987845697213428973651159846372673251849
080500030007003805000000700104069000805010209000280403008000000709400300050001070
481597632267143895593628741124369587835714269976285413348972156719456328652831974
900006020003407500700090100001050007005302600300060800009030008002605900030900005
948516723213487596756293184621859347875342619394761852569134278482675931137928465
400000108086010000000045030900100000074060590000004001040920000000050640701000009
495637128386219475217845936958172364174368592632594781543926817829751643761483259
008073060090000700075602000000508002060000040400706000000304590003000080050860100
128473965694185723375692418931548672567239841482716359816324597743951286259867134
720009045009000200003100000000018630050040070016230000000001900007000400490700026
721689345649375218583124769974518632352946871816237594235461987167892453498753126
500030020400000000206007301001073000308205107000980200603700902000000008070020005
517836429439152876286497351921673584368245197745981263653718942192564738874329615
000000500000602708050700090000014600907000105002870000030001060801203000004000000
478139526319652748256748391583914672947326185162875934735481269891263457624597813
070200500065007410201000000030170000010902030000046070000000304043700620002003080
478261593365897412291534768536178249714952836829346175187629354943785621652413987
100903087000000402050000009070305900000000000008401070400000020801000000530704006
142953687983617452756842139274385961615279348398461275467198523821536794539724816
849100000006408000020500000051000300700000005002000160000005030000307200000002471
849176523536428719127539684651784392793261845482953167274615938918347256365892471
080300200300020096000700000730006540600000002042100087000001000160070004007003020
486319275371528496529764318738296541615487932942135687294851763163972854857643129
008710040401005702070003000000002090005104300010500000000300080803900607090058400
238716945461895732579423168347682591985174326612539874154367289823941657796258413
900023000070400100000000040630940020480000037020068059040000000003004080000710004
914623578372485196856179243635947821489251637721368459247836915163594782598712364
103060080798500600050000400900007000300102006000600001002000070009005163010080205
143269587798541632256378419961857324374192856825634791532416978489725163617983245
000720030010904800020300004061000003083000470900000680700008090006503040050069000
845726139317954862629381754561847923283695471974132685732418596196573248458269317
000070300600908200000000048040100570100040006079006080460000000002307001001050000
285674319634918257917523648346189572128745936579236184463891725852367491791452863
641020000002008004900000000809062403003000500205430906000000005100900200000080697
641723859352198764987654321879562413463819572215437986798246135136975248524381697
090100050700000600504620009002840000300000001000051200600017304001000006050006020
296178453738495612514623879162849735385762941947351268629517384871234596453986127
008000023300850700000400000400900005010000070600002008000004000002036009870000300
158679423324851796769423581483917265215368974697542138931284657542736819876195342
084000020670040800305080009001079000800602004000830600200090506008060042050000910
984356127672941835315287469461579283839612754527834691243198576198765342756423918
049807300800030050000040900200080609000704000401020003004070000070010006008306420
149857362826931754735642981257183649983764215461529873694275138372418596518396427
006000009000040700500802030050021000209030107000790080010207008008050000400000300
746513829382946715591872634857621493269438157134795286913267548628354971475189362
430900008020080500000250039800000105050000080204000007780096000002070060600002071
435961728926387514178254639897623145351749286264815397783196452512478963649532871
000050013450107800000002560002001000010000050000200600048300000001806095620070000
289654713456137829173982564862591347314768952597243681948315276731826495625479138
000301560000002008002070010920000105001504900508000026010040200300200000046705000
497381562163952748852476319924867135631524987578193426719648253385219674246735891
003500900800070003700030060002900400039060850007002100070090008900020005004005600
263514987845679213791238564182953476439167852657842139576491328918326745324785691
600050008500600090094001200450700000030204050000006042008400130040009006200060004
621953478587642391394871265452798613836214759179536842968425137743189526215367984
050026400000004200000800039005000023089070510430000800170005000008400000004160050
953726481861394275247851639715648923689273514432519867176985342528437196394162758
000401000002830001703900000030000180800040002094000050000004207600095400000703000
586471329942836571713952648237569184865147932194328756351684297678295413429713865
000090803003740020000008001064000930500000006031000570400100000010075400708030000
175296843983741625642358791264517938597483216831962574456129387319875462728634159
060380001000402700002010000005000618010000070798000200000020500007504000900068030
569387421831492765472615389345279618216853974798146253683921547127534896954768132
080003500209000030030002106003504007000207000700309600308400020090000805005900060
486193572219675438537842196963514287854267319721389654378456921692731845145928763
001000062800045000090001050300400000500327008000009003040500030000970001160000200
451793862872645319693281754329458176516327948784169523948512637235976481167834295
007028000000605071000000206050080140002103700064070020201000000540802000000450600
617328594428695371395714286753286149982143765164579823231967458546832917879451632
009008000028950100070060050007000026010070090860000700090080030001046580000100600
159438267628957143473261958947815326312674895865329714796582431231746589584193672
007500900039040000210006000002800060400050007070003100000600013000080570003007600
847512936639748251215936748352871469461259387978463125724695813196384572583127694
024007008100042600090000000450000000060109080000000026000000050007230004300600810
624917538138542679795368241451826793263179485879453126916784352587231964342695817
000700090003528070000000102004190050000402000010067400701000000060274900040006000
286741593193528674457639182674193258839452761512867439721985346368274915945316827
000000001092108300700206400000001008030060040500400000001802004006903250200000000
683594721492178365715236489964321578138765942527489136371852694846913257259647813
009007105000410703100000002020030006005080200900040030500000004601074000703600900
439827165268415793157963482824739516375186249916542837582391674691274358743658921
006308400500070008080010730902800600040000020005002309094080010200090003001603900
176358492523479168489216735932841657647935821815762349394587216268194573751623984
000305070001004030000090504280407000005000300000802057908040000070600100050709000
894365271561274938327198564283457619745916382619832457938541726472683195156729843
500309200000020047210000000094005030001000700030700460000000094450030000003406005
548379216369128547217564983794615832621843759835792461186257394452931678973486125
000010200004800030021504008107040060000207000080060907500403620010009300003020000
398716254754892136621534798137948562946257813285361947579483621412679385863125479
000001028092500300800309050036000005000706000700000260070203004001007830350900000
563471928192568347847329156936142785285736491714895263679283514421657839358914672