000531700040006003000000008002900004060000050400007800300000000800700020007349000
689531742245876913731294568172958634968413257453627891396182475814765329527349186
060580900805000060000032008000700030700854006080003000400360000050000603006028010
163587942825149367947632158592716834731854296684293571418365729259471683376928415
080020900600045010007000006030890700000000000001053090200000100010460007004030050
185326974629745813347918526432891765956274381871653492263587149518469237794132658
806005900000800650020000400600500090000798000030006005004000030071004000008300701
816475923943821657725639418687543192152798364439216875264187539371954286598362741
060001008100050000000200300050040107001807200704020060008004000000090006300700050
269431578173958624845276391652349187931867245784125963598614732427593816316782459
060000500000009024200536000500800900001000400009001003000925006390100000005000070
967412538153789624248536791532864917681397452479251863714925386396178245825643179
076090000000000000000604108007046090200908004010250600504709000000000000000020470
176892345842315967953674128387146592265938714419257683524769831791483256638521479
030700000096800020820030000000200900210050086005007000000010069050003240000002010
534721698796845123821639574347286951219354786685197432472518369158963247963472815
000000238004200001020009000030060005005308700600020040000100070400002600856000000
579641238364287591128539467732964185945318726681725349293156874417892653856473912
208070000060004009040390600400001800600000005005900007004089030800500040000060508
298675314563214789147398652429751863671832495385946127754189236836527941912463578
050100700730005604000000000200010307010903080403050001000000000108500073002007060
654139728739285614821674539296418357517923486483756291975361842168542973342897165
006300008001090000300000420080024000200000001000580070095000006000010200700008900
526347198841295367379861425687124539253976841914583672195432786468719253732658914
070052000300040200000003708060000004010306020700000030108400000004020009000930010
976852143381749265542613798863271954415396827729584631198465372634127589257938416
070000802900800000006007000083009000240030081000700260000100700000004005305000010
571463892924851376836927154683219547247536981159748263462185739718394625395672418
010900004002040000908000720000801009020000030800305000089000206000050300100009040
317982654652743981948516723436821579725694138891375462589437216264158397173269845
180003096000106002040000510500960100000000000009021005068000050200509000790600031
182453796357196482946287513523964178814735629679821345468312957231579864795648231
000204030000060095030001700000800041006000900510002000003100020650020000080609000
967254138841367295235981764329876541476513982518492673793145826654728319182639457
000003000050740003030005067800020006002000500100030008920600030600079050000800000
781963425256741983439285167895427316362198574147536298928654731614379852573812649
000608000041030080900010500008006095009000700670400800007040002050060940000305000
325698417741532689986714523438176295519823764672459831867941352153267948294385176
203040008000700000860290304000000051002000800140000000704082069000001000900070205
273146598495738612861295374389627451652419837147853926734582169528961743916374285
600200050050070002040005080000000810700304006068000000010500040200060070070009008
687243951953871462142695783324956817791384526568712394816537249239468175475129638
000029004040600001006001000010004800030508070008200060000800200100006050900170000
751329684843657921296481537512764893639518472478293165367845219124936758985172346
009200007008100000100006508002050090700408005050020800305800009000004100900002300
569283417278145963134796528812357694796418235453629871325861749687934152941572386
090034000610000000007910000960083000024000360000560049000025600000000052000670010
598234176613857294247916583965483721824791365731562849489125637176348952352679418
000601087600000409080090000038100000000902000000006240000060050701000004590704000
349621587672583419185497623238145976456972138917836245824369751761258394593714862
080003004000070100004080050600000040018204370070000005040010800003020000800300090
186593724395472168724681953639758241518264379472139685247915836953826417861347592
030806090600090000200001080000000309001070400403000000070200008000050002060308040
137826594648795213259431687726184359581973426493562871375249168814657932962318745
900030020020085003000900000003007608070508030206300400000004000300150080060070002
918436725624785193735921864593247618471568239286319457852694371347152986169873542
608002700500009060070000500000080001060305080800020000006000010080700002001600309
618532794524879163379461528457986231162345987893127456736294815985713642241658379
090006000800021650010000004001008000370000098000200300400000030089310005000800020
294586173837421659516793284651938742372164598948257316425679831789312465163845927
006000008010008400000900265102000070000104000090000601479002000003700090500000800
926345718715268439834971265142689573657134982398527641479812356283756194561493827
027500900940008000300020100060007000100206005000800060005080004000400053002005680
827514936941638527356729148563147892184296375279853461635982714798461253412375689
900600002007002090004050300100003080000506000020100004003090700050800100700005008
938617542567432891214958367146723985879546213325189674483291756652874139791365428
000050600040800020200043080079005010000000000050400260030290005020001030008070000
387152694941867523265943781479625318612738459853419267136294875724581936598376142
000000219000600000023900840085004000600010003000300470016005730000007000738000000
867453219149628357523971846385794162674512983291386475916245738452837691738169524
090400020000060900370010040800300000050000060000005002020070051006020000040001090
691458723284763915375912648812396574453287169769145832928674351136529487547831296
085200000090056000001000060003005090500080004070100300020000100000610080000009470
685231947397456821241897563813745692562983714974162358426578139739614285158329476
780400000540007800012500007000085024000000000820630000400009780001800093000001046
786423915549167832312598467137985624694712358825634179463259781271846593958371246
200004530050000900000006004020003805000801000607200040800900000002000010071400006
268794531754138962913526784129643875435871629687259143846912357592367418371485296
005900106000080900900005000070003605046000790508600020000200003004060000702001400
485972136123486957967315248279143685346528791518697324691254873834769512752831469
000006405000002800004000062057180006800000009400037580730000600006300000508200000
329816475675492813184753962957184236813625749462937581731549628296378154548261397
300906807400005200070400000000000905060000080704000000000009010002600004609807003
325916847498735261176482359283164975961573482754298136547329618832651794619847523
030502009200000700004010503000920430000000000028073000809030200003000005500801060
731582649256349718984716523615928437397654182428173956869435271143267895572891364
030082006009507003007000200900300020000040000080005001008000100200803400300290060
135482976629517843847936215971368524562149387483725691798654132216873459354291768
020501000003000401000007058000008007207030109900100000350700000704000800000804030
829541376573689421416327958631298547287435169945176283358712694764953812192864735
002709605000000071000500400008900006309040802600002700003006000520000000907405200
432719685856324971791568423278953146319647852645182739183276594524891367967435218
000800042900020000001005000400009100208000704006700003000400600000010008130008000
365871942984326571721945836473269185298153764516784293857432619649517328132698457
000002004063008070002030050030200100670080025005003090050020700040800210300600000
581972634463518972792436851834295167679184325215763498158329746946857213327641589
890705006000060080000900500300020017000040000670090003008009000030070000100803064
892735146513462789746981532389526417251347698674198253468219375935674821127853964
010904005005000800460000010000003200090708050008100000050000082003000100100209060
817934625235617849469825317671453298392768451548192736756341982923586174184279563
039040000700009500080000030001200060000408000090007300070000040004600003000050690
139845276746329581582176439451293867367418925298567314675932148924681753813754692
003000000015086040900040600020054000040000080000390070004060001070530890000000200
463725918215986347987143625726854139349617582158392476834269751672531894591478263
030000001000001048000080530970203015000000000140608073027060000460500000800000090
738456921592731648614982537976243815283175469145698273327869154469517382851324796
080000040400500002020097500092004000600000007000300620009230050300008006060000030
985623741437581962126497583592764318613852497748319625879236154351948276264175839
090010020000006070600280005003001400060030010005700300500093006070600000030070090
398517624251346879647289135783961452462835917915724368524193786179658243836472591
000027040080000100409300000005040006608201304100070500000009403001000050030580000
316827945582496137479315628725943816698251374143678592257169483861734259934582761
810036040600000007007000080040015003100000008500280010080000600300000001060470052
819736245652894137437152986248915763193647528576283419785321694324569871961478352
000093070706500000000100004630020007080000050500010068400001000000008103070930000
842693571716542839359187624634825917981764352527319468493251786265478193178936245
904080710000500003600090004300009000002705100000400002500040007800006000016050908
934682715278514693651397824385129476462735189197468532529841367843976251716253948
090580020004100009002600300030800000010905040000006080003007100800001400050098030
396584721574123869182679354937842516618935247245716983463257198829361475751498632
060100000370050060000036009630020001002307600500090082400260000020070016000005030
269148753374952168185736429638524971912387645547691382451263897823479516796815234
036009008500030000000500027240000081050010070190000053860004000000060004400300160
736429518582731946914586327247953681653812479198647253865194732371265894429378165
087000250000070406500800000050300800710000043004002060000005004201030000065000130
187643259923571486546829317659314872712986543834752961398165724271438695465297138
002000703000076040070300508080400009000708000400009050205007080060120000701000400
652841793839576241174392568587413629926758314413269857245937186368124975791685432
009508042800040070000000900000060020005000800070020000002000000050010008140206500
769538142821649375534172986498365721215497863376821459982753614657914238143286597
490600000050700000720040000001007008305000704200800900000030087000006010000002096
493615872158723649726948153941367528385291764267854931612539487839476215574182396
002000400070300090004100083020940600000000000007061030750008300040007010006000500
382796451571384296964125783128943675635872149497561832759218364243657918816439527
000900740804200000000045201036000009900608003700000620207560000000002907085007000
352916748814273596679845231536724819921658473748139625297561384163482957485397162
900700300040090005302000060000407100030000070006801000010000804700080050008005007
965728341147693285382514769259467138831259476476831592513976824794182653628345917
039010000080002074000800000001000863050000090893000100000008000970300020000090650
239417586185962374467835219721549863654183792893726145542678931976351428318294657
000300708900008010000210090450000000037000580000000032040032000060800009708004000
621359748975468213384217695452183967137926584896745132549632871263871459718594326
090300000001450000350002600500000109080070060209000008007500012000081300000004090
794368521621457983358912674576823149483179265219645738837596412942781356165234897
004100070000009020000560008500200030002040800030008007600025000020900000070006500
354182976186739425297564318548297631762341859931658247619425783825973164473816592
100003900040800020000000305600590400710000069004076001406000000020008050001600002
175263948349857126268914375682591437713482569594376281456729813927138654831645792
700080103000207050000000090001006074400030006670800500040000000090302000308090005
724985163139267458865413297981526374452731986673849512247158639596372841318694725
200001800080003625030200000020006700900000008008300060000008040571400080004100006
249651837187943625635287194423816759956724318718395462362578941571469283894132576
260008000008100030510009008000006004025000960400900000600700093080005400000200087
269438715748152639513679248891526374325847961476913852652784193187395426934261587
020008700040950003008000000750010040009000100080020067000000400200087090006400070
623148759147952683598763214752316948369874125481529367875291436234687591916435872
620004000003090000400800006007069000802000601000280900500007004000040300000300019
628714593713695482459832176147569238892473651365281947531927864976148325284356719
003905600060007000740060020006002000300000005000500800020050089000400070001806500
283915647169247358745368921856172493392684715417539862624753189538491276971826534
500004000086500100920030000090305000010080050000407060000060012002009680000200004
573194826486572139921638475697315248214986357835427961749863512152749683368251794
000000001000950200000082060087000012092000530560000980040190000005034000200000000
928476351736951248154382769387549612492618537561723984643197825875234196219865473
000006001009100050410039000000010089007000500380040000000690027070001800800500000
238756491769184352415239678654317289197862543382945716543698127976421835821573964
300590107000403060010002050700005030000000000030100005050300090020801000103069008
362598147578413269914672853791285436485936712236147985857324691629851374143769528
000654308000000002000008960030700095002040800150003040025900000300000000906427000
279654318861379452543218967438762195692145873157893246725931684314586729986427531
060040000800502700007016400701000560080000070026000801008130600003408005000020080
162847359834592716597316428741983562385261974926754831258139647613478295479625183
000806740080000036010040000400900050900000003070008009000030020190000070035407000
352896741784152936619743582423961857968574213571328469847639125196285374235417698
000500200008102000620080040093000050700000004010000730030070085000901400006003000
371564298948132576625789341893417652762395814514628739439276185287951463156843927
007000000800007009096400500080010003030604020400020060005001630300900007000000900
547192386813567249296438571682715493739684125451329768975841632324956817168273954
520030000008005007430080200040003010005000400070200090004060079600900100000040026
527139684168425937439786251942653718315897462876214593254361879683972145791548326
001005080805070690070061200000300009050000060700006000008630010019080306030500800
361925487825473691974861253186352749453798162792146538248637915519284376637519824
000000700800060002309050060408032000005601300000570108080020607200010003006000000
562198734871463952349257861418932576725681349693574128984325617257816493136749285
700010200020000180016200000001007030000020000030500700000008950057000060008090001
793816245425379186816254379281967534579423618634581792142638957957142863368795421
300000002607080090000100050000900008860050029100006000040007000090010205200000004
315749862627385491984162357452973618863451729179826543541237986798614235236598174
010007004034001090000040002090000500078060210002000080800030000060400950400500070
916257834234681795785943162391872546578364219642195387859736421167428953423519678
034002060800600009010005730003000028000000000240000600056800070300007006080200490
534972861827631549619485732163754928978126354245398617456819273392547186781263495
060900003002001400800006007004000050907010302050000700200700004006400100400009020
561947283732851496849326517124673859987514362653298741218765934396482175475139628
020054006006000004000200150803900070001000900060005308032008000700000500600170080
127354896956817234384269157843921675571683942269745318432598761718436529695172483
570063000300009008008170000800000010001000500020000006000094300700500001000780054
572863149316459728948172635859627413631948572427315896185294367794536281263781954
307400000020056008800000900200003610000020000063800002009000001700160080000005207
357498126921756348846312975298573614475621893163849752589237461732164589614985237
702408000058000009046000000004087060000204000020350400000000780200000590000809204
792468351358172649146593827534987162867214935921356478419625783283741596675839214
200009605000270000014000032000060300060501080008020000420000890000012000601400003
287139645536274918914685732142867359369541287758923164423756891895312476671498523
000000860900700300000036009605001070300609005090800603500460000009008007041000000
734195862926784351158236749685321974317649285492857613573462198269518437841973526
002007000400890000970640050004020001009000700800030400090071062000058007000200500
562317948413895276978642153734529681629184735851736429395471862246958317187263594
000090053000500000180007260090100000016000570000004030039600025000009000750030000
647291853923586417185347269394175682816923574572864931439618725261759348758432196
080000000570140000020063005050700200900000008001004050800690020000058097000000040
483975612576142983129863475358719264947526138261384759834697521612458397795231846
600209800218007300000000006000300090703000201050001000800000000009600132001704008
637249815218567349594813726186325497743986251952471683865132974479658132321794568
010000430250001007003090005090070008000308000800010020100080500500200071027000060
718562439259431687643897215392675148471328956865914723134786592586249371927153864
001038000007004010000100006000002001068070290100900000500003000020800600000650300
691738452857264913234195786975342861368571294142986537586423179723819645419657328
540107908002000000000000035300004500000789000001500006250000000000000700704802051
546137928132958674987246135329614587465789213871523496253471869618395742794862351
008406050060280900000003600070000005012000840900000020004700000009064070080901400
398416752465287931721593684876142395512639847943875126634728519159364278287951463
087096030000000001001405000060000840200000007034000050000802300800000000040670580
487196235526387491391425678765219843218534967934768152679852314853941726142673589
000000002020307006030020800005040009070000010600070400009060080700401020400000000
846519732921387546537624891185243679374956218692178453219765384768431925453892167
050900007006070500000005000090030601032609740607040090000300000003060800500008010
851926437246173589379485162495837621132659748687241395728314956913562874564798213
006400000080001005010503760620000300005000800001000042052906080400300020000005900
576429138384761295219583764628194357745632819931857642152976483497318526863245971
056010002000500403300040010070100820000000000021006050060030009204001000900020130
456317982712589463398642715679153824543278691821496357167835249234961578985724136
417000200206310009000000060700040090000607000020080007090000000500032406002000983
417896235256314879839725164761243598984657321325189647193468752578932416642571983
000090400000070801200308000600000100309601708004000005000104009801060000003050000
718296453936475821245318976687543192359621748124987365572134689891762534463859217
500001029040000100000308060050087000900000001000630050060905000005000090410200008
587461329346792185291358764652187943938524671174639852863945217725813496419276538
802000500010009002006800000700100060208705304030004007000008100500200070003000409
872416593415379682396852741754123968268795314931684257627948135549231876183567429
000017002500460309003009000019000006000000000700000580000600700906073008100980000
694317852581462379273859461819745236465238917732196584348621795926573148157984623
000200104201090008070010090000100800100589006004007000030050080600030407802001000
968275134251394768473816295596143872127589346384627519739452681615938427842761953
400000000030000425120540000700015064010608050560420007000087046846000070000000001
459732618637891425128546793782315964914678352563429187391287546846153279275964831
200064000093000070000900001460050000001040500000010029900002000050000940000690003
217564398593128674684937251469253817821749536375816429938472165756381942142695783
000150000060040010400800300703000089008000500510000702002004003080090060000087000
879153426365742918421869357743521689298476531516938742952614873187395264634287195
000620450060007800000008070085000100300090005001000730090100000002500010058036000
879623451563417892214958376785342169346791285921865734697184523432579618158236947
800400002000000680035006090080013000300000005000790010050900270021000000700005006
896471352172359684435286197287513469319864725564792813653948271921637548748125936
160002003805000900300090060010706040000050000050904030030070006007000301900100075
169842753875361924342597168213786549694253817758914632531479286487625391926138475
860000420004068000000400000080900030600050001020004060000005000000120800019000072
861537429594268317372491658185976234647352981923814765238745196756129843419683572
800050030650000000030008002003004028000802000240900600100400090000000013090020007
819256734652347189437198562563714928971862345248935671185473296726589413394621857
040600093370000000500200007030025100000080000005390040200004006000000028650002030
841657293372918654569243817436725189927481365185396742298134576713569428654872931
005079003030060000276508000560000000002000900000000052000306421000040090600250700
815479263439162587276538149561923874342785916987614352758396421123847695694251738
700000040080067000206300000300105064004000500150906007000001906000750020010000005
735892641481567392296314758379185264864273519152946837527431986648759123913628475
000050031009600020002100800050300000067000340000008070005004600010005200490020000
648257931179683425532149867854376192967512348321498576285734619713965284496821753
030400000005003000702080540021004000860000059000500160049010305000700200000005090
638457921415293786792681543521964837863172459974538162249816375356749218187325694
064700000000006800910000000100839020080000030070654008000000072007400000000005390
364781259752396841918542763145839627689217435273654918431968572597423186826175394
002040610008006000400000098040085023000000000120470060580000001000300500034050700
952843617378916452461527398746185923895632174123479865589764231217398546634251789
079608400000500070000000008007004960060010050024900700600000000040003000002705340
379628415281549673456371298517834962963217854824956731635492187748163529192785346
100000540036000780000640000001800030300090005050004600000063000028000350093000007
189732546436915782275648193961857234342196875857324619714563928628479351593281467
003004050000258400000060001030000006090070020600000010300020000004735000010600700
723194658169258473548367291837512946491876325652943817376421589984735162215689734
000610007300000640007090300170060402000701000605020019006040100042000006800056000
458613927319275648267498351173569482924781563685324719796842135542137896831956274
500200000034000005092050070000073050065102930040590000020030810400000560000001009
578269341634718295192354678219873456865142937743596182927635814481927563356481729
006590400000000802010007000400009200500060009001800006000600020108000000004085900
236598417947136852815427693463719285582364179791852346359641728128973564674285931
003700009090000070006080004010530000530496017000017050900050700020000040100004500
243765189891342675756189234617538492532496817489217356964853721325671948178924563
400093010070000000009100006000809204000060000502304000100005600000000030040280007
458693712671528943239147586713859264984762351562314879197435628826971435345286197
009071004000000002080020300040000005027406930300000080008030010400000000700190600
259371864673849152184625379846913725527486931391257486968534217412768593735192648
400002000900060000600034170060040800008000400009010030074890003000020008000100005
417982356953761284682534179561347892738259461249618537174895623395426718826173945
000500600060100020008040007100004000025703940000800006600020300090006080004005000
712589634469137528538642197176294853825763941943851276657428319291376485384915762
080007000004060800030400060901040000058010420000070109060009010003020900000500080
689157234514263897237498561921345678758916423346872159465789312873621945192534786
800605000046000008302080000070058109000070000109360050000030801700000390000809006
817645932546293718392187645273458169654971283189362457965734821728516394431829576
007000006800170000024008000060300070009805400050007090000900120000053007600000500
917524386836179254524638719462391875179865432358247691745986123281453967693712548
000000009000690080809471060540000600900302004001000098020937106090026000600000000
164258739752693481839471265543789612986312574271564398428937156395126847617845923
020600000095007008306050000700023080010000030080510007000070803600300910000004050
827691345195437628346852179764923581519748236283516497451279863672385914938164752
009570000600000000400000083500030020007104900060020007710000005000000008000045300
239578164678413259451962783594637821827154936163829547712386495345291678986745312
050000870000040003709005200000090001006401500500070000002800309400020000035000020
653219874218746953749385216374592681826431597591678432162857349487923165935164728
010200076400007000000105490300002080008050700040900003096504000000700004130006050
519248376462397815873165492351472689928653741647981523796514238285739164134826957
300008060014070028000006003800001040000050000040600001400800000190040380080500007
379128564614375928528496173852731649761954832943682751437869215195247386286513497
000060500200073401009100060030007000605000803000600010060004100401750002007010000
714962538256873491389145267138527946675491823942638715563284179491756382827319654
000003020900206840020080500000020005001308200600040000003060080016807004090100000
168453927957216843324789561789621435541378296632945718473562189216897354895134672
500000800097600500800015000950700040000104000040003092000250008005001470009000001
514972836297638514863415927958726143732194685146583792471259368325861479689347251
050030089000500000608007400000100002906000308200006000007400206000009000360010090
152634789749581623638927451573148962916275348284396175897453216421869537365712894
000720000000800920602090005100000040003050800040000003200070306036009000000083000
319725468475836921682194735127368549963457812548912673294571386836249157751683294
803020010000083005050001020002000078040010030390000200030900080400170000080030102
873529614214683795956741823162394578548217936397865241631952487425178369789436152
100700090070000016009004500000470000600000003000052000007800100420000030060007004
156738492874295316239164578985473261642981753713652849397846125428519637561327984
200000000000150080010702009008007190309000608061400300100308020030015000000000003
253896741974153286816742539528637194349521678761489352197368425432915867685274913
060070800024000600900100025450600000000409000000007034510003006002000750009050010
165372849324895671987164325453621987871439562296587134518743296642918753739256418
003600000902070000050020180040500800200000006006001040095040030000050704000008900
483615297912873465657924183149536872238497516576281349795142638861359724324768951
500038010060007300003006020020000006084000590100000040030600900001700060040590008
572438619469217385813956427325849176684172593197365842738624951951783264246591738
000060900000800502800400060040300209300080004201006030010004003402008000003070000
534762981176893542829451367648317259357289614291546738715624893462938175983175426
200006000050400001800050670500800400302060809008003005093070006700001090000300007
239716548657438921814952673561897432372564819948123765493275186725681394186349257
000060310000100007100009050608000070001705400050000203070400005200008000096010000
549867312382154967167239854628943571931725486754681293873496125215378649496512738
070010008000040010000307009800000031003204800920000004100406000030020000200090060
479612358352948716681357429864579231713264895925183674197436582536821947248795163
000006080470080006080030200359600000000000000000009753001040090500060031020300000
213756489475982316986134275359678124147523968862419753731845692594267831628391547
020300500000000012901000006000064071000938000590210000200000608480000000009005040
627381594358496712941752836832564971714938265596217483273149658485673129169825347
200500100710006003080003000070300050902000807040002030000400090800200016006001005
263547189719826543485913672671398254932154867548672931127465398854239716396781425
010002000030740000900003005040000300580020069006000010400900006000068050000100090
614592837835746921972813645149685372587321469326479518451937286793268154268154793
000239050000500902000601003100000030700090006020000008300405000501007000040312000
678239451413578962259641873184726539735894216926153748392465187561987324847312695
000350080000207300000080701009000073021705860670000900803040000002503000040029000
917354682586217349234986751459168273321795864678432915893641527162573498745829136
090000000000026004061300200046052300500000009003780640009003870300810000000000030
295478163837126594461395287746952318518634729923781645659243871372819456184567932
600305004070021003000900700200000170006000200031000008008007000100830060300609007
612375984879421653453986712284593176796148235531762498968257341127834569345619827
400060052000000006006024030000100073009607500310002000040270800900000000870090004
498763152732915486156824739564189273289637541317452968643271895925348617871596324
500800100908012000006900000005000209300070001102000700000005800000680504003004006
547836192938412675216957348475361289369278451182549763624195837791683524853724916
004600902000020040320000068000160700800000006006037000690000085030010000405006200
754681932168923547329574168942168753873259416516437829691742385237815694485396271
700000001010090000090003478000048500100020003005370000869400020000060050200000004
734285961618794235592613478327148596186529743945376812869451327473862159251937684
006080005000002010208900007000804500080010060001603000100005804020100000700040100
436781295975432618218956347692874531387519462541623789163295874824167953759348126
000090064000100000002300570080020900610000023009030050036002800000009000850010000
178295364563174289492386571387521946615948723249637158936452817721869435854713692
005000700009700002000086050080003400000614000007800010090360000600002300008000900
465231798819745632723986154186573429952614873347829516591368247674192385238457961
600007000740010200029400000100280090800000005060054008000001830007030012000800007
618527349743918256529463781175286493834179625962354178256791834487635912391842567
007000000083120790000400003060300900800000001001004050500009000096037240000000300
657983412483125796912476583765318924849752631321694857534269178196837245278541369
500600900000090004020300706040800005003020800800009060704008010200070000001006002
537684921168792354429315786942867135673521849815439267794258613256173498381946572
400000205001708000000000070500030800060905030003060001080000000000403500206000007
478396215651728493932541678519237864864915732723864951385672149197483526246159387
049000070000000002500107009090800020320409051070005040900304005200000000050000630
649528173718943562532167489495816327326479851871235946967384215283651794154792638
060090700000006090407500006059200000040905030000008960500002609020400000008030020
163894752285176493497523186359267841846915237712348965534782619621459378978631524
006500000020030047700600020050097400004000700002480060030001005560020090000004300
946572831825139647713648529658397412394216758172485963439761285567823194281954376
031008700000000000050010030496020010080000070010030629060090080000000000005100360
631548792824379156759216438496725813382961574517834629163497285278653941945182367
000700016090042000500063000008000100006987200005000700000390002000410080450008000
824759316693142875517863429978524163136987254245631798781396542362415987459278631
050001207200060090060200100030800000700030002000002070001006020020010004908300050
853491267217563498469278135132857946784639512695142873541786329326915784978324651
800100040009258100700003000520000800090000060008000021000300008005497600060001002
852176349439258176716943285527619834193824567648735921971362458285497613364581792
000000004040006750100020060402890000030000010000053408070010006091400080800000000
286375194943186752157924863462891537538742619719653428375218946691437285824569371
501003090000000040004710306085006000300000005000500920603087400070000000010600503
521463897736895241894712356985126734342978165167534928653287419479351682218649573