005037210214980000090005840140000080900742001070000092021500030000024178037160900
685437219214986753793215846142693587958742361376851492821579634569324178437168925
070290381003001249190483000020800500030000020004002090000978063369500800748026010
476295381583761249192483657921847536837659124654132798215978463369514872748326915
300020007006705038087000520200950306005814700701062005072000680860209100500080009
359128467126745938487693521248957316635814792791362845972531684864279153513486279
805609007009004805706035020050401670004000500067302040030560201502100700600208403
845629317329714865716835924253481679184976532967352148438567291592143786671298453
026800000030007046490060000000378051613594872780216000000020018270400060000001420
526843197138957246497162583942378651613594872785216934354629718271485369869731425
300240008860030200040081760600072391020000070197860002032690080004020039900014007
375246918861937245249581763658472391423159876197863452732695184514728639986314527
060029180120000960009100032630004020052080670070600013810005700047000051096710040
365429187124837965789156432631574829952381674478692513813245796247968351596713248
070013000400750003050820004040298076006371500720645010500087020600032001000560030
978413265462759183351826794145298376896371542723645918534187629687932451219564837
010758200000010050008006107063580472100090005485072310804900700070040000001867020
619758243732419856548236197963581472127394685485672319854923761276145938391867524
801000903060090000034816207000061092106904705790250000309642510000070020402000609
851427963267395481934816257543761892126984735798253146379642518685179324412538679
070030008000007103001080050084763921300819004197245830050020300409300000700050040
675132498248597163931486752584763921362819574197245836856924317429371685713658249
000637000670000013002090800020943168008261500461758090003010600280000031000329000
814637259679582413352194876527943168938261547461758392793815624285476931146329785
060070001008509000105000004820154976617000245459726013700000108000307600500080030
962473581348519762175862394823154976617938245459726813734695128281347659596281437
400079501590142360100000409000200153003000600651003000802000006015496032309820005
426379581598142367137658429984267153273514698651983274842735916715496832369821745
607000500804500600520604097470030009050426070300070056260701084008002705005000102
697213548834597621521684397476835219159426873382179456263751984918342765745968132
796003800000000203002008597600734009170902086200186005563800700901000000007300958
796523841815497263342618597658734129174952386239186475563849712981275634427361958
005704300009130840030008200492800530000415000016009478001900050087041900003207100
825794316769132845134658297492876531378415629516329478641983752287541963953267184
214305000530000007070428153046000002005080300700000590861932070400000031000106829
214375968538619247679428153146593782925784316783261594861932475492857631357146829
006235480403010607510700090600307000009080300000109006040003068801070502065821700
976235481423918657518764293682347915159682374734159826247593168891476532365821749
000534001200980570050760000609010035327000619540090708000045060063079002900623000
796534281234981576158762394689217435327458619541396728872145963463879152915623847
100206300072389410300074000007825000200090005000461900000510009086932540001607003
148256397572389416369174258697825134214793685835461972423518769786932541951647823
010043009008600010005071300154907608006504900209306145001730500080002700700150060
617843259328695417495271386154927638836514972279386145961738524583462791742159863
700010900801039000590060008200050789057681340483020001600040093000870504005090007
734518926861239475592764138216453789957681342483927651678145293329876514145392867
154007000200651007006094210500002004010549070900700008031970500700265001000400789
154827963293651847876394215567182394318549672942736158431978526789265431625413789
000006197081030600670104003068070035004010700750060410400801079007020540539600000
345286197981735624672194853168472935294513768753968412426851379817329546539647281
047812005010706480083540070000200000820070053000008000090023560031605020500197340
647812935915736482283549176359264817824971653176358294798423561431685729562197348
030245080100709020040816300900060800460090073002070006004621030070904001020387040
736245189185739624249816357957463812468192573312578496594621738873954261621387945
020004103001002760000165200010080536083050920659040010002517000035400600108300050
526874193841932765397165248214789536783651924659243817462517389935428671178396452
009002000600058002250390406000186040142905638080234000401067025700420001000500700
819642573634758912257391486573186249142975638986234157491867325765423891328519764
000000060409652300200009400134095026800326004720480539003200005002543108040000000
358174962419652387267839451134795826895326714726481539983217645672543198541968273
000400187070908340648003000310000000926387514000000063000700698064509020792006000
239465187571928346648173259315694872926387514487251963153742698864539721792816435
970510406105600009463900010004000060207060301030000900050001624700006103601029057
972518436185634279463972518814293765297865341536147982359781624728456193641329857
206800300050142000801630000524001700018060520009700481000096107000418030002003809
296857314357142968841639275524381796718964523639725481483296157975418632162573849
600000009000503026000672004900310860138269457026058003800721000270905000500000001
652184739487593126319672584945317862138269457726458913864721395271935648593846271
005691203001007500030825010053080100000319000002050390020178030008900700704563800
875691243261437589439825617953284176687319452142756398526178934318942765794563821
470100920061090438085032607800500300000000000009008001108650790542070860096003054
473186925261795438985432617827519346314267589659348271138654792542971863796823154
700006002200781396800004010070003904609040103403100060060400007514837009300900001
791356482245781396836294715178623954629548173453179268962415837514837629387962541
070003902306402058820009374060700000100020007000001090253800019940307605607200040
475183962396472158821659374569748231134926587782531496253864719948317625617295843
600079012510600009002410080005093000294050163000260900050021300400008021320740005
648379512517682439932415786765193248294857163183264957856921374479538621321746895
300900000702031005004862731100648900070000080008275004859316200200580309000009008
381957426762431895594862731125648973476193582938275614859316247217584369643729158
671420900900016030000000146006350007790601053300094600167000000080160004009037861
671423985948516732532978146816352497794681253325794618167845329283169574459237861
001348007700000800080701400902075084300924006450810709007502010003000008800137600
561348297734259861289761435912675384378924156456813729647582913123496578895137642
970430125340205080000008003007509031600000008130802500500600000090701056786054012
978436125341275689265198743827569431654317298139842567512683974493721856786954312
200030980000009040409085301800470059051803620920056008308940205040300000092060003
215634987683719542479285361836472159751893624924156738368947215547321896192568473
001027049080506200000000006030079165162080973975160020300000000006702080240630500
651327849789546231423918756834279165162485973975163428397854612516792384248631597
067093405023000700008007013000980167090070030781036000810700300005000970604320850
167893425523641789948257613352984167496172538781536294819765342235418976674329851
000230400042817095001094023020140500700000004004072010290460300450923170003085000
975236481342817695681594723826149537719358264534672819297461358458923176163785942
000719406040680900698040307080075600000030000002960040806050194009021060105496000
253719486741683952698542317984275631567134829312968745826357194479821563135496278
396724581008501009400300700040000908000040000901000060004006007100408600632197854
396724581728561349415389726243615978867943215951872463584236197179458632632197854
160000028080003005309870000010548739070060050945237080000026507500700090790000042
167495328284613975359872461612548739873169254945237186438926517521784693796351842
409300287823000600160008000080200000236987415000006020000600038005000146648009502
459361287823794651167528394584213769236987415971456823712645938395872146648139572
610000807807001300032007540000004078280176035750900000026700410008400602401000083
615243897847591326932867541169354278284176935753982164526738419378419652491625783
127608090000301000500790084009130006070926010600087900760013009000509000090804721
127648395948351267536792184289135476473926518651487932764213859812579643395864721
705940800843060700060780320200400500070020030008009007086072090007090682002016405
725943816843261759961785324219437568574628931638159247486572193157394682392816475
581402000090080200000000875049203068103807509250609430875000000004030080000708954
581472693697385241432196875749253168163847529258619437875964312924531786316728954
805962000620300000040705612060008070002641900090500060734806090000007026000159703
815962437627314589943785612561298374372641958498573261734826195159437826286159743
507803000100694800000000300378060500261945783009080162006000000005476008000209607
597823416132694875684751329378162594261945783459387162726538941915476238843219657
000300600050002943007096800713605009209030501800109327004280100682900030001007000
928314675156872943437596812713625489249738561865149327574283196682951734391467258
084100300023587496007000000902375600800000009006894502000000900369718240001006870
584169327123587496697432158912375684845621739736894512478253961369718245251946873
008670104100000080640318092003807401050000070701204900810729043020000007304086200
298675134137492685645318792963857421452961378781234956816729543529143867374586219
010050270070021006942700050603070084004030700580040301030005417700410090061090030
316954278875321946942786153693172584124538769587649321239865417758413692461297835
000106902001700063060040001320965800005482300006317045600070030950001600703604000
437156982581729463269843751324965817175482396896317245642578139958231674713694528
007005930850046200300700586523000040790000062080000753431008005008450017075100400
617825934859346271342719586523687149794531862186294753431978625968452317275163498
510876090006040080000129050070201639001000400329704010050617000060030900030592061
513876294296345187748129356475281639681953472329764518952617843167438925834592761
000906274147300506090705001800107450000000000075409003700804020501003948984501000
358916274147382596692745381869137452413258769275469813736894125521673948984521637
170060200260497018400002000500209063900040002820306004000600001350718026002030075
175863249263497518498152637547289163936541782821376954784625391359718426612934875
000074052020315400000092010040036075902080306350420090090140000003769020760250000
139874652627315489485692713841936275972581346356427198298143567513769824764258931
304291000007604920000870003600749850000060000059182006800056000046307200000928407
364291578587634921291875643613749852728563194459182736872456319946317285135928467
900001082450080013102503009095030270000908000078020190700306801860010057520800006
936741582457289613182563749695134278214978365378625194749356821863412957521897436
008020300002130000370540002000080971597416283821090000200071039000062500009050800
918627345452139768376548192634285971597416283821793456245871639783962514169354827
800304059070816400000209007490100000710635094000002018900503000001798040680401005
826374159579816432134259687492187563718635294365942718947563821251798346683421975
070021803128734005409000007300500080080402050010009004200000108700148526801250030
675921843128734695439865217347516982986472351512389764254693178793148526861257439
050036001062500389000004700607040900034658170005090604006400000573009240200760010
758936421462571389391284765617342958934658172825197634186423597573819246249765813
720003140001247000063000020600021430217000968034980001040000710000372600076100082
725863149891247356463519827689721435217435968534986271942658713158372694376194582
007000005130070402408102700740280501000549000305017024002401307903050048500000100
297834615136975482458162739749283561621549873385617924862491357913756248574328196
020790061000010290000265000951300047730109082840006913000651000067030000190027050
425798361678413295319265874951382647736149582842576913284651739567934128193827456
640910000028007040001804060160290050503040102090035084030509400010600920000021036
645912873928367541371854269164298357583746192792135684236579418417683925859421736
000000087400790035703000001009234560260159073045678100800000306510067004630000000
921543687486791235753826941179234568268159473345678129897412356512367894634985712
103700026620001408008400930506200080090010060030008105075006800301800059980003607
143789526629531478758462931516297384894315762237648195475926813361874259982153647
983400600200910073000000900009135206030762090506894100002000000390048001001009348
983457612254916873617283954479135286138762495526894137842371569395648721761529348
924631507701000620000407903002040070000702000010080400805306000063000708209875361
924631587731958624586427913352149876498762135617583492875316249163294758249875361
009800016602400000010396000007509608038261790906703200000658020000004807860007300
359872416682415973714396582127549638538261794946783251473658129295134867861927345
209016000517090040000470200154720003602000105900061472005087000020040851000250704
249816537517392648386475219154728963672934185938561472495187326723649851861253794
065400000000851006038269700900708030042306510070502004004137860700984000000005470
265473198497851326138269745951748632842396517673512984524137869716984253389625471
071060408040200907009000203500600001164382579300001002905000700408007090706020180
271963458843215967659748213592674831164382579387591642915836724428157396736429185
006008900940300706200006000615084207020637090703120684000200001302001069007500800
536718942948352716271496358615984237824637195793125684489263571352871469167549823
500004020300009540740030009037458090098020450020963780200040035013500004050300008
589714326361289547742635819137458692698127453425963781276841935813596274954372168
000650014501083027003701800002530400000248000004016700006102500470360201210094000
728659314561483927943721856192537468637248195854916732386172549479365281215894673
000503006802614300000920408009068041500090007380470900403056000008739604900801000
147583296892614375635927418729368541564192837381475962473256189218739654956841723
800000000000815402502307018013782590900000003027539860170403206206178000000000007
831924675769815432542367918613782594985641723427539861178493256256178349394256187
709000600012400085540307192003070029100000008250030400624805073970003840001000206
789251634312469785546387192463178529197542368258936417624815973975623841831794256
003092000250601094941750003006509000090104080000803600400087156610905027000310900
863492571257631894941758263186579432392164785574823619439287156618945327725316948
000867050000103068006094003009430625200070004643052800500240700930705000060389000
391867452457123968826594173179438625285671394643952817518246739934715286762389541
050000602000509408300268070504180006080695040100027503010852009608901000905000020
859374612762519438341268975574183296283695147196427583417852369628931754935746821
097402300000130009050900400000271698026508130781693000009005010800029000005804920
197452386468137259352986471543271698926548137781693542239765814814329765675814923
000500400209010003050009081130065897900731002527940016390100070800050904002007000
713582469289416753456379281134265897968731542527948316395124678871653924642897135
040365290309080006100970830032006900000803000006700310073058002200090703054237080
847365291329481576165972834732516948591843627486729315973158462218694753654237189
403009650005070840010000300300712586720000034856493007002000090037040200064200703
473189652295376841618524379349712586721865934856493127182637495537941268964258713
020437000907020034304050720082100400009304100001005970045090308890010207000842090
128437569957621834364958721682179453579364182431285976245796318896513247713842695
100240005450700000208350000012694008030812070800537610000026503000005091500083006
167249835453768129298351467712694358635812974849537612974126583386475291521983746
002030807804000000675004130500002681080941050317500004023400578000000306701050400
192635847834197265675284139549372681286941753317568924923416578458729316761853492
053092080762000010089007200000030894840901032937040000004800670070000541090170320
153692487762483915489517263521736894846951732937248156314825679278369541695174328
010480906894000732500039001000001023902000107370800000700920005135000294409015070
213487956894156732567239841658791423942563187371842569786924315135678294429315678
600500000007900302100682405976248000400701006000369247301825004204007600000006008
642573819857914362139682475976248531423751986518369247361825794284197653795436128
004050070000700240217640800020587069009206400370194080003065128052008000090020700
934852671865719243217643895421587369589236417376194582743965128152478936698321754
003708042000023569601900070000309426009000300342506000090007601816290000430601200
953768142784123569621954873578319426169842357342576918295437681816295734437681295
700328000090574008200009000001045083830162094540890700000900006600487020000256009
764328951193574268285619437921745683837162594546893712452931876619487325378256149
000610804001749006490002001008456020000937000050128400500300048800264500603075000
725613894381749256496582371138456729264937185957128463572391648819264537643875912
970542680020800009806910407082000004009000800500000790305028906100004030067395048
973542681421867359856913427682739514739451862514286793345128976198674235267395148
005067320803040060001003000104050237706304901932010406000500800010090603047830500
495167328873245169261983745184659237756324981932718456329576814518492673647831592
005970030709001028063500910398005070020000050050100283032006890970800301080039700
215978634749361528863524917398245176127683459654197283432716895976852341581439762
000280310307961800186530000690002000004306200000100079000015793001873402073029000
549287316327961845186534927698752134714396258235148679862415793951873462473629581
008790000930102700070050003062578000847901526000264870700010080006305017000087600
618793254935142768274856193162578349847931526359264871723619485486325917591487632
060000240009708103000620708702900000695431872000005906901062000406807300078000090
867153249529748163143629758712986534695431872384275916931562487456897321278314695
613082000245700090000010603400097806006020900709650004504070000090003452000540769
613982547245736198978415623452397816136824975789651234564279381897163452321548769
406720000010060000003001902065200704327614859904005120508100200000030080000052401
496723518812569347753481962165298734327614859984375126578146293241937685639852471
030045001800001093007036000398000574021050980546000132000580300980300005100620040
239845761865271493417936258398162574721453986546798132672584319984317625153629847
008150000320680001010020700080496305560030018704815090006070040800069037000048500
498157623327684951615923784281496375569732418734815296956371842842569137173248569
907400180010090306000001790073016409000279000108540260069100000301050070054007601
937465182512798346486321795273816459645279813198543267769182534321654978854937621
607000040482030056500760100200007090035621470070900003009076005750090264020000907
617582349482139756593764182268347591935621478174958623349276815751893264826415937
230081460175600008460007001006000080510090072020000900300900056600002849047850023
239581467175649238468237591796125384513498672824763915382914756651372849947856123
200460001010275040000010062050629800002847300007351020830090000090182030500036008
279463581618275943345918762453629817162847359987351624831594276796182435524736198
600005083010968000000702601360409270200306009084507036706804000000651090150200004
627145983413968725598732641365419278271386459984527136736894512842651397159273864
000390002809720060002080907293007180070030020056800739701040500080053201300071000
547396812819725364632184957293467185178539426456812739761248593984653271325971648
029600050561970020840002006208000500604030902007000308400300089080096147090008630
729683451561974823843512796238169574654837912917425368476351289385296147192748635
675203004091806570048700601400000100030000050007000002503007210084301760700605348
675213984291846573348759621426538197839172456157964832563487219984321765712695348
560300100180047062490500000000009800971865243008100000000008015830750029005003087
567382194183947562492516738654239871971865243328174956749628315836751429215493687
800100034000000680065938702903540070610000058050061403309614820026000000540009001
897126534231457689465938712983542176614793258752861493379614825126385947548279361
438007009002134000070000430097210800120508067006073290049000070000749600700800914
438627159952134786671985432397216845124598367586473291249361578815749623763852914
000700083000003100310608974100070809034891760708060001671405098009100000250006000
465719283987243156312658974126574839534891762798362541671425398849137625253986417
000030000208407500069125008695301702002000900701208653100653890006904205000080000
517839426238467519469125378695341782382576941741298653124653897876914235953782164
000000390497820500102596804304000000908704201000000409709231605005078143013000000
586417392497823516132596874324159768958764231671382459749231685265978143813645927
063890005000306000000201706650410072014602580930078041406905000000703000300024960
163897425527346198849251736658419372714632589932578641476985213291763854385124967
025060100000000075780400290094138027010020030830547610058001042270000000001090750
925763184146289375783415296694138527517926438832547619358671942279354861461892753
095301008100504009007900615021800500070020060004003820256008900900607002700209180
695371248182564739437982615321846597879125364564793821256418973918637452743259186
000865003703040605506009004000900308468030519309008000800700206602080901900621000
294865173783142695516379824127956348468237519359418762841793256672584931935621487
020300517000005002051728000062090705075080690809070320000461250200900000594002070
628349517937615842451728963362194785175283694849576321783461259216957438594832176
700010084050007390000009107090481073307090805680375010408700000076900030920030008
769213584251847396843569127592481673317692845684375219438726951176958432925134768
394006050507032489018095000025000070700000006080000590000640720472980605030200948
394876251567132489218495367925368174741529836683714592859641723472983615136257948
740500180000090407020170605060005240094020570075600010902056030507010000016007052
749562183651893427328174695163785249894321576275649318982456731537218964416937852
000190000017205390090007200023056089978000456150840720002500010041902630000018000
264193875817265394395487261423756189978321456156849723682534917541972638739618542
050071048004825000000064000009410835205080709381059400000130000000596100710240050
952371648164825397837964521679412835245683719381759462596137284428596173713248956
000061832024300001301900400060509000407216509000804010003002607700008320246750000
579461832624385971381927465168579243437216589952834716893142657715698324246753198
100480000064159070089070000026513900400908007001724560000030490040897130000041005
172486359364159872589372641726513984453968217891724563617235498245897136938641725
023000000900038004418905600050080240207543901049020070004802357700350009000000420
523416798976238514418975632651789243287543961349621875194862357762354189835197426
003902000105480723600700809010040000209631407000070030901004008826097504000108900
783952641195486723642713859317845296259631487468279135971524368826397514534168972
700049105240300070501820006400003900985000231003900004300078602020006053607230008
738649125246351879591827346462513987985764231173982564359478612824196753617235498
000028000003691080608500103960042308230000071801760042306009207080237400000410000
415328796723691584698574123967142358234985671851763942346859217189237465572416839
004905670600040000001600409040500706568731294709006080903004800000090005015308900
324915678697842153851673429142589736568731294739426581973154862486297315215368947
842009000301602740670004200130080009089000610500090087008200061013508402000900835
842739156391652748675814293136487529789325614524196387458273961913568472267941835
349070600000400070600800043201340705004761200703052401150004007030007000006080124
349275618815436972627819543291348765584761239763952481158624397432197856976583124
003956801054001030106003007300002700040198020001300008800600204060200180402785300
273956841954871632186423957398542716647198523521367498835619274769234185412785369
050007206006901000043802095005200008962708534400005900570103460000406300604500020
159347286826951743743862195315294678962718534487635912578123469291486357634579821
061007030502304600407006102040103000610040025000802040706200403004605807050400260
861927534592314678437586192249153786618749325375862941786291453924635817153478269
009020000700304910084007005897210600530040082006078391900700840058409007000080500
169825473725364918384197265897213654531946782246578391913752846658439127472681539
000000290204009000800020310507940602348265179902018403083050007000400806026000000
651374298234189765879526314517943682348265179962718453183652947795431826426897531
100004050500908037089753401060097100000080000008260090604579810790802005050100009
137624958546918237289753461465397182912485376378261594624579813791832645853146729
200001843000030609093280070010002080350879016040600090030098760907020000821700004
276951843185437629493286571619542387352879416748613295534198762967324158821765934
760304020090001070030870650300005086010982030240700009053098040080400090020507063
761354928895261374432879651379145286516982437248736519153698742687423195924517863
690000004008400210421608900006809540010030080042501300004306195059002400100000028
697213854538497216421658937376829541915734682842561379284376195759182463163945728
036090070000075009500003020340026087028931640960780013050400002800250000070060450
136892574482175369597643128341526987728931645965784213653417892814259736279368451
501043080042005000008010564000500608804196702306004000415060900000300450090450806
561943287742685319938217564179532648854196732326874195415768923687329451293451876
004700300300680040800503267000037090046952130030810000483205009050098003009004800
564729381327681945891543267218437596746952138935816724483275619652198473179364852
019067002070100690004820030005703001401205306700601500080012700047006010100970240
819367452372154698564829137625743981491285376738691524983412765247536819156978243
120000090506708000007910500084060237753000619261070480009045800000807901010000074
128453796596728143437916528984561237753284619261379485379145862642837951815692374
090240003030600809000300010209013605563090172407520908040008000301007080600032090
896241753134675829725389416289713645563894172417526938942158367351967284678432591
057020410000109502126750008010040000504207801000010060600082745402605000085070620
957823416843169572126754938218946357564237891739518264691382745472695183385471629
026370180000018902500096300000000218003189400815000000008730001102840000054061820
926374185347518962581296374479653218263189457815427639698732541132845796754961823
067000800000004502524093076003901605000356000601408200730280461906100000002000950
367512849819764532524893176473921685298356714651478293735289461986145327142637958
007068900008703106901000078109600530030050090045009601510000809603205400004910200
327168945458793126961542378189674532236851794745329681512437869693285417874916253
803004006090006000000381700012067803930528071706140950009812000000600080200400105
873294516491756328625381794512967843934528671786143952359812467147635289268479135
730100094040307200010609530070005041056000720480200060094702050007506080560004072
735128694649357218218649537372965841956481723481273965894712356127536489563894172
240016093100090200980030000000400912328060475491007000000050049004070001570640028
247816593163795284985234167756483912328169475491527836612358749834972651579641328
040200036000419070078360004802174050007000800010826407700041380050938000380002040
941287536635419278278365914892174653467593821513826497729641385154938762386752149
400800006500200840270041000980065104150080097302910085000130068034008009800006002
491853276563279841278641953987365124156482397342917685729134568634528719815796432
908000400301025006500009238103097840080000070059480603635900004800310507007000309
928763451341825796576149238163597842284631975759482613635978124892314567417256389
064305809290400030001000007029563700075000980006798350600000200080004073403207690
764315829298476531531829467829563714375142986146798352657931248982654173413287695
001400000826310400700296080200800504080643070104005008010582003002069847000004200
931458726826317459745296381263871594589643172174925638417582963352169847698734215
070800400908074060000000872007692308090481020802357900789000000050920701006008030
271865493938274165645139872417692358593481627862357914789513246354926781126748539
564100007007620045023000019240700830000010000081002056910000560470056100600001728
564193287197628345823574619249765831356819472781432956912387564478256193635941728
024800000000000093603007820750089312042701580981320046039600407460000000000004960
124893675578246193693157824756489312342761589981325746839612457465978231217534968
078090406429708010610400700094600000700304002000009170006003057050906348807040960
378591426429768513615432789294617835781354692563829174946183257152976348837245961
080070300000401082069000540090740105014935720307012090078000250520307000003050070
482576319735491682169823547296748135814935726357612498978164253521387964643259871
951630000004710009070400010168020007207060401500070682010006070600097100000041856
951632748824715369376489215168924537237568491549173682412856973685397124793241856
020000084085003160006080002092510007537090618400037290600070900013900750970000020
129765384785423169346189572892516437537294618461837295658372941213948756974651823
240090070078040000000802040782914003430020089600358724060205000000060290020080037
246593871378641952159872346782914563435726189691358724967235418813467295524189637
091003000050108009207960000072389000543020918000451730000034207700502090000700140
891243576456178329237965481172389654543627918689451732915834267764512893328796145
005460300084002510327005060003259040000030000090684700030500491041800230009043600
915468372684372519327915864763259148458731926192684753836527491541896237279143685
007310040005406100314050700039004000658090473000500960003040659001903200090025300
267319845985476132314258796739684521658192473142537968823741659571963284496825317
010476000403000651962103070000060100301502708004080000050604289249000506000295010
518476923473928651962153874785369142391542768624781395157634289249817536836295417
029180005600500000004760080006007852175608394832400700060074900000001006900036510
729183645618549237354762189496317852175628394832495761561874923283951476947236518
023609005067103090490007013302500900010000020004001306240700039030402760700906250
123649875867153492495827613372568941618394527954271386246785139539412768781936254
008705069015980700047001020071058200009000800006290450090800310003074980850109600
238745169615982734947361528471658293529413876386297451794826315163574982852139647
470000820019726040005400907900630004000279000700054009307002600090567430048000052
473915826819726345265483917921638574584279163736154289357842691192567438648391752
060050800504008006082000504675089401400020009109470638806000940900800203003090080
361754892594218376782963514675389421438126759129475638816532947957841263243697185
300901608106020907905678031690000000050000080000000016410237805802060403503409002
327951648186324957945678231698513724251746389734892516419237865872165493563489172
807009060000408000900603708479105030020384050030907416103502009000806000090700504
847219365365478291912653748479165832621384957538927416183542679754896123296731584
390708246060000570050040089030170860400000005028095030670010050083000010149507028
391758246864921573257346189935174862416283795728695431672819354583462917149537628
000810000500230108003796052900647000004382900000951007180429300409078001000063000
642815739597234168813796452921647583754382916368951247186429375439578621275163894
504920010000000200002805479480590000157030982000081054925108300001000000040057106
574926813819473265632815479486592731157634982293781654925168347761349528348257196