300001400009047200410080003001500000040030070000004800200070065003490700008600004
326951487589347216417286593671528349845139672932764851294873165163495728758612934
580003000060005730002690000000200098000030000690008000000016800079800020000300014
587123469961485732432697185745261398218739546693548271324916857179854623856372914
051000000000093006000700901600200100003409700009008003107004000800360000000000840
951826374478193256362745981645237198283419765719658423127584639894362517536971842
000002009008056000000000678100600830400000007067005002213000000000570100700300000
674182359938756241521934678152697834489213567367845912213468795846579123795321486
010300020040002000502180007600000500700010006004000009400026708000800030090001050
817369425943572861562184397681297543759413286324658179435926718176845932298731654
406319800080057400000000000093001050004000700020700940000000000002970010008642307
456319872381257469279864135793421658864593721125786943947135286632978514518642397
803000400700800003040060000600500090080623040070004005000030050400002008001000904
893215476726849513145367829614578392589623741372194685968431257437952168251786934
405001790000002000320090050043000000000209000000000420030050071000900000017300906
485631792791582364326794158243175689678249513159863427932456871864917235517328946
000009014090700208004000970050031000049507380000940050063000100507003040410600000
672389514395714268184256973756831492249567381831942657963478125527193846418625739
000000780020348000081007300000059000370060018000810000002900650000485020035000000
593126784726348195481597362218759436379264518654813279842931657167485923935672841
004701092000809105600000400400600000000513000000004007003000006706905000520106900
854761392372849165619352478481697523267513849935284617193428756746935281528176934
400009000902007006010240000006000590100000003039000100000062070800900302000700001
473689215982157436615243987746321598128594763539876124351462879867915342294738651
010060003008040200090100408000000607060704030307000000803002040009050300200080090
415268973738549261692173458924835617561724839387691524853912746179456382246387195
000000085000092010005030069020603000040050020000408050170080400050740000390000000
932164785687592314415837269529673841843951627761428953176385492258749136394216578
000428000701900400030000080000060809090000060603050000040000050009005708000381000
956428317781936425234517986415263879892174563673859142348792651129645738567381294
059200040027130000100005000610090000002000300000050028000500009000013780090004510
859276143427139865136485972613892457582647391974351628741568239265913784398724516
640030025008700000900060000000051060010306070050870000000020003000007400260010097
647138925528794136931562784479251368812346579356879241784925613193687452265413897
009702030072930100036000000000008000120000057000100000000000680001045390040209500
419752836872936145536814729967528413128463957354197268295371684781645392643289571
020003000500000061708000040007036900000901000009720300050000802640000005000100030
126543789534897261798612543217436958365981427489725316951364872643278195872159634
734006000000013000000570020000040250003000600018090000050089000000260000000100849
734926185825413976196578423967341258243857691518692734451789362389264517672135849
201906008068500400400000000005200007080030010300009800000000006007001940500604103
251946738768513429493782651145268397986437512372159864814395276637821945529674183
138200000000136000200000070002040081010000040870010600020000005000362000000004218
138297456745136829296485173652743981913628547874519632429871365581362794367954218
900030200040008060000902300560004000020060080000100092005703000070200030001080007
958631274342578169716942358569824713127369485483157692295713846874296531631485927
009000860000200000070408510080004300490000051006100070058601090000007000064000100
149375862835216947672498513581764329497823651326159478258631794913547286764982135
007000060210008500500300100800407300000103000001502007005004001002800095040000700
497251863213648579586379124859467312724193658631582947965734281372816495148925736
002610000040002005300900000900006080031000240060800009000009004200100050000054700
752613498149782635386945127927436581831597246465821379513279864274168953698354712
005300800000000007070600930103020090090000010080030602028003040900000000006005700
415397826639482157872651934163728495297546318584139672728963541951874263346215789
005600013002004070000000009000007904070030080608200000500000000080900100140005600
795628413832194576461753829253817964974536281618249357529461738386972145147385692
801500004090007000302000005100040000038000970000020001200000508000300040600001207
871596324594237816362184795127948653438615972956723481213479568785362149649851237
600000000102000600000530010207800005006040700500007803080092000004000506000000009
673281954152974638498536217237869145816345792549127863385692471924713586761458329
109608000040001000206009000008000609092000170601000500000400706000900040000503802
139648257745321968286759431458137629392865174671294583513482796827916345964573812
090007000080090200000520091070600049010000070650009010160073000007040050000100080
592317468781496235346528791273681549918254673654739812165873924837942156429165387
000000800060300000701009056004093001800604009300710400670200904000008070002000000
539176842468352197721489356254893761817624539396715428675231984143968275982547613
400006200000058010050070004160700300000000000008001042500040090010830000004100008
437916285296458713851372964162784359945623871378591642583247196619835427724169538
530040000079000003000190000804000000002607500000000602000075000900000210000020068
538742196179568423246193857864259371312687549795314682621875934987436215453921768
000004050000020716000090308260000100470609032005000067704010000856070000090400000
618734259943528716527196348269357184471689532385241967734812695856973421192465873
000036950800002740000007006300060080010000090080040002100700000098600004075320000
721436958863592741459817236342965187516278493987143562134789625298651374675324819
090003040002000003030890620000900064008000700940008000063059070400000200020700090
791623548682547913534891627357912864218465739946378152863259471479136285125784396
000000704003000100500067000240610308300040009107093052000520007005000200401000000
612359784793284165584167923249615378358742619167893452936521847875436291421978536
000002005600340000007000830200005040005020700030900002082000600000031007500400000
813672495659348271427159836296715348145823769738964152382597614964231587571486923
009020040000170300080009200050001006301000407900600050004300010005097000090010500
719523648246178395583469271452731986361985427978642153824356719135297864697814532
051000830300004002000060000128640090000000000030025478000030000200400005069000380
651792834397814652842563719128647593574389126936125478785936241213478965469251387
700040200600030917100700000098000000400308006000000480000005008952080001007010002
783941265645832917129756834298564173471398526536127489314275698952683741867419352
000080100950000004408900000504700020000604000030005806000002908600000012005070000
326487195957321684418956237564718329892634751731295846143562978679843512285179463
000010089000800070800097604080040207000205000205060040409750008030001000150020000
547612389691834572823597614386149257914275836275368941469753128732981465158426793
002060003030500401000103006080600000001020800000005030100206000704009020600080500
912468753836572491475193286587631942341927865269845137198256374754319628623784519
006900007050000040100060000089000750300407006067000410000030001020000090900008500
846952137752813649193764285489126753315487926267395418574239861628571394931648572
000005030805070004000400900000000407064010890302000000001006000400080601080300000
947625138835179264216438975198563427564712893372894516751246389423987651689351742
060013000002000000010000079078005000005106200000300140730000090000000400000840010
867913524592784361413562879178425936345196287629378145734251698981637452256849713
000720004000003100057800300072050000000908000000030910008009470009300000300072000
813726594296543187457891326972154638135968742684237915528619473749385261361472859
006000000007000284100002009708600000000904000000008503900500008482000900000000600
826493715397156284154782369748635192235914876619278543961527438482361957573849621
700000005180600000004098000400000298008000300219000004000840600000009021800000009
796432185183675942524198736437516298658924317219387564972841653345769821861253479
080401207700000400410203000900000100040000070005000006000804015004000002102305080
586491237723586491419273658968752143241638579375149826637824915854917362192365784
000600030450890002100073000074000000920080013000000250000350008800049026090008000
789625431453891672162473985574132869926584713318967254247356198831749526695218347
010900000900308010200000005603109084000000000590804106400000008080706009000002060
816925437975348612234671895623159784148267953597834126461593278382716549759482361
400300008000700634000060095600000200010000040005000007960050000287001000100009003
476395128592718634831264795648973251719582346325146987963857412287431569154629873
000500301700190400000800070002001507000000000105300900070006000009048005204005000
498567321726193458351824679932481567847659213165372984573916842619248735284735196
004600000805010070920003000010520007200000006700086020000700082070030104000002700
134675298865219473927843615618524937253197846749386521496751382572938164381462759
008605000020070050000000090709040200103000506002050903080000000010090020000501700
498625137321978654576413892759346218143289576862157943985732461617894325234561789
000270900200906080019400200000160002300000001600052000008001360050609008006047000
863275914247916583519483276795164832324798651681352497478521369152639748936847125
010005004508000000020308900700504600004000500001906008003601020000000406800200090
316795284598462731427318965739584612684123579251976348943651827172839456865247193
560000040700062900001500008000670020000285000050093000800009600005830009070000082
562918347748362951391547268489671523136285794257493816814729635625834179973156482
009030672001000000040970001000000100600745009004000000400012060000000200382060400
859134672731256984246978351978623145613745829524891736497312568165487293382569417
000105006036000000250000719040020100003701400001060070315000047000000580600503000
974185236136279854258436719749328165863751492521964378315892647492617583687543921
600800902009006070070100800001000040900000005020000100007009050050700400103002006
645873912819246573372195864531928647984617325726534198467389251258761439193452786
680500004005000300007004020010600000000239000000008090020100900008000700700006085
689523174245791368137864529914675832876239451352418697523187946468952713791346285
050001003000800052029005060000009000400080001000300000060500340730002000100400020
857621493641893752329745168278159634493286571516374289962518347734962815185437926
091003204000000001600004950008002000200090005000400600027500009800000000509700310
791653284345289761682174953458362197216897435973415628127536849834921576569748312
700109050800007001060004008200000010590806027030000004900400080400900005010205009
743189652829657431165324978284793516591846327637512894956471283472938165318265749
002001068000000095000045200090052000065000920000190030007480000250000000640500800
572931468483267195916845273391652784865374921724198536137489652258716349649523817
000400500309000040004100002080070005030204080900010070400003200060000708003008000
826497513319582647754136892681379425537264189942815376498753261265941738173628954
120034600000500009800009037030080250000000000058040060560800002300006000002490016
129734685673518429845629137436987251217365948958142763564871392391256874782493516
058100402097050000000600000080000043070203060530000020000006000000070910904008270
658137492397452681142689357289765143471293568536841729715926834823574916964318275
104000003020037810000600000400900700010504080007008004000005000095140070300000905
174859263526437819839612547483961752912574386657328194768295431295143678341786925
700020056080400027050700100000000900020504010005000000009006070870005060640070009
794321856186459327253768194368217945927584613415693782539146278872935461641872539
070600500500410006600000090000004802042000360807300000060000007400096001008001030
271639548593418726684275193316954872942187365857362914169823457435796281728541639
608000094009400000000900130060090005000706000400050010076008000000001200280000507
658132794319487652742965138163294875895716423427853916976528341534671289281349567
080700000610045000049018000351006000020000030000200451000520740000180065000004080
583762914617945823249318576351476298924851637876239451168523749492187365735694182
001004000005000006630080400070906000402000107000702030004050018100000900000800500
981674352245193786637285491873916245492538167516742839724359618158467923369821574
037900400201700050009080030000216009000000000900345000070020100090007503005008760
637952418281734956549681237753216849164879325928345671876523194492167583315498762
270300059000002000805010003130000905007000800508000021700090302000200000340001097
274386159913572684865914273136728945427159836598643721781495362659237418342861597
003060000590400070260900400000800007080000030700005000005001042040003068000080100
473568291598412376261937485354829617982176534716345829835691742147253968629784153
000000100100030709059607000708006040020000070040300902000901830304080007005000000
437829156162435789859617423798256341623194578541378962276941835314582697985763214
070009004100000006040057020030000500500104003009000010010230060600000002800900070
372619854158342796946857321231786549567194283489523617714235968695478132823961475
000054020000610900700900304000100043430000096670008000508009001007061000060840000
396754128284613957715982364852196743431527896679438512548279631927361485163845279
004160390720003000010000000000000023008502900570000000000000070000900014069084200
854167392726893451913245786691478523348512967572639148485321679237956814169784235
407000090003060000096004800900003070032000180010600002001900240000040500040000307
457328691823169754196574823985213476632497185714685932571936248368742519249851367
050302000003005000270090500100803000805000703000406008009030082000900600000208090
451382976693745821278691534126873459845129763937456218769534182382917645514268397
600009004090401080040070009210340000000000000000098056500020070070905020300700005
652839714793451682148672539215346897986517243437298156569123478874965321321784965
200008400014000060000907000080003500700050004006100030000809000090000140007400009
275618493914532768863947251481793526739256814526184937142869375698375142357421689
009138000001094780020000000067000029000020000280000370000000010042310800000589600
679138254351294786428675931167853429935427168284961375896742513542316897713589642
000000200760400083000006415300064009000709000900180004476800000230007068008000000
143958276765421983892376415381264759654739821927185634476813592239547168518692347
006830200000046050040007008000003080208000507070500000100300060050670000003091700
916835274782946351345217698594723186238169547671584932127358469459672813863491725
804000000010730020000080000072006005006000400500200780000020000030097040000000309
824961573619735824753482691472816935386579412591243786968324157135697248247158369
090000800007908005002056100030600008600010004700003010005490600100305700003000050
596231847317948265482756193931674528628519374754823916875492631149365782263187459
080400030010200000607003000924008005000000000100700862000100703000006040090002050
582491637319267584647583921924618375876325419135749862268154793751936248493872156
000080000480100306070000080004003002097802610200700900030000060106008034000020000
359684127482179356671235489814963572597842613263751948938417265126598734745326891
500390080000006020004500000085600000301000408000007950000004800030100000040082005
527391684893476521614528397985643172371259468462817953259734816738165249146982735
000200064680095000070006000890000010500901003020000089000100040000650027910002000
139278564682495731475316892893724615564981273721563489256137948348659127917842356
000009004008050600370000090003091000050080060000540100010000053005060200400800000
561279384298453671374618592643791825159382467782546139816924753935167248427835916
200007400700400203054020000010058000002104800000760020000070630905002004003800002
281937456796485213354621978617258349532194867849763125428579631965312784173846592
000508107050040000003200000415000003020000080300000574000009300000080090702304000
246598137159743268873216459415867923927435681368921574581679342634182795792354816
080000000205000040390170000008090003100425006700080100000056017010000905000000060
681534279275968341394172658468791523139425786752683194923856417816247935547319862
000009008010000900904650200700180000840000075000074001008025706007000090200800000
376219548512748963984653217735186429841932675629574381198425736457361892263897154
000318000800600040030070100006100290300000005092007400008030050040005009000426000
465318972817692543239574168586143297374269815192857436728931654641785329953426781
006008009901052003080000100000004070000301000020800000009000010500910608800500700
756138249941752863382649157138294576695371482427865931269487315574913628813526794
900085106000090007500702000805000000041000930000000708000306002600020000103540009
937485126462193857518762493875931264241678935396254718789316542654829371123547689
040200700090804100003570000650000000010000090000000082000056300006309050004008010
145293768297864135863571249658932471412687593379145682981456327726319854534728916
000000908800706054000050010070160002100403007600087030030070000780902001904000000
526341978813796254497258316378169542159423687642587139231674895785932461964815723
000902570000700204000010600030009002006408900900500080003050000804007000059804000
681942573395786214427315698538179462716428935942563187273651849864297351159834726
000079100100000904903400080000610002000705000700092000050008207307000008009230000
842579163175386924963421785598613472236745819714892356451968237327154698689237541
400008007080204050390000040000006300100309008009500000040000065050401080200900004
465138297781294653392657841524786319176349528839512476947823165653471982218965734
500009004300008070070100000030070802004000700807030010000006050050900001100300009
581769234349528176672143598935671842214895763867432915498216357753984621126357489
007100500800092000503000000002908000470030081000705300000000209000620007006007100
247163598861592473593874612312948756475236981689715324738451269154629837926387145
400000000060009405080065200000350900200000008008017000007520080809600010000000003
495732861762189435381465297614358972273946158958217346137524689829673514546891723
090060307013072400200000000000000530805000709079000000000000003002130640906050010
498561327513872496267943851641798532825314769379625184154286973782139645936457218
010043060005006000400800003094000600001000900002000510700002004000100300040370080
917243865385796421426851793894517632531628947672439518763982154258164379149375286
078100006000007310000000200031508000205000103000403750009000000027900000800006970
378192546592647318164835297731528469245769183986413752659374821427981635813256974
090500002800000094070300100003609840000050000048201900004006080580000009700005010
196584372832167594475392168253679841917458236648231957324916785581743629769825413
700000000006025004000003029040809006030104090900302050580200000100530600000000005
712498563396725184854613729241859376635174892978362451583246917129537648467981235
080005000004600500750000600170080000200109004000050029002000048006002900000500010
681925437924637581753841692179284365235169874468753129592316748816472953347598216
000000009005018700000403008506000041009105600810000205200807000008950100400000000
183572469945618723762493518576289341329145687814736295251867934638954172497321856
000000400042060000300015006019008050000107000060200370100820007000070580007000000
671382495542769138398415726719638254234157869865294371153826947426971583987543612
500200600900700043307000000690100000005070800000006059000000108710009004006002005
584231697961758243327694581698145732245973816173826459459367128712589364836412975
090000075000453060000900304060000200800705001003000050401008000050634000230000040
394286175127453869685917324569341287842765931713892456471528693958634712236179548
000002050030008072080300000754036008002040500600280417000009080560800040020500000
146792853935468172287351694754136928812947536693285417471629385569873241328514769
100000300900068047008300060600000700000815000004000002040006100820570004009000003
156749328932168547478352961685234719297815436314697852743926185821573694569481273
058200000204009008000060300029005000000090000000100750001030000700400203000006810
358247691264319578917568324129875436573694182846123759681732945795481263432956817
070450300300010005100006000008600500700000009006009200000900007600030002004071090
879452316362817945145396728918623574723145869456789231231968457697534182584271693
500009020068420500900000004200100800870000013009008006600000007001074650080900002
543619728768423591912785364236197845874562913159348276695231487321874659487956132
030206400000100070100073000050400010900000002020001050000930007080004000005607020
738256491562149378149873265653428719971365842824791653416932587287514936395687124
080000000300760000147000002005030200700902005006070900800000526000085001000000070
689124753352768419147359682915836247738942165426571938893417526274685391561293874
040900200006000007007035940060190000700000002000086090059370800200000300004001060
845917236936248157127635948463192785798453612512786493659374821281569374374821569
002010070004600000061002400037400000080793060000008730009100580000005100010070300
852914673394657812761382495237461958185793264946528731429136587673845129518279346
006109020005003000910780000051000004400000006600000570000037012000800700060902800
376159428845623197912784365251376984487591236639248571598437612123865749764912853
300060000067000002090500870600010500200080007008070003039004020700000360000030008
382761495567849132491523876674312589213985647958476213839654721725198364146237958
001000000500010047000700810082500090900201008010008450094005000350060004000000700
471823569538916247269754813682547391945231678713698452894375126357162984126489735
400900301005002800000004000700003050040000010090700006000600000009200400608005009
467958321935162847281374695716823954842596713593741286174689532359217468628435179
020004030000370690500800000400000010250000069010000007000007001091023000070600040
729564138184372695536819724468795213257138469913246857642957381891423576375681942
400900000026405009900000068009004020030000040060200900390000007800502690000008001
483916572726485319951327468579864123238159746164273985392641857817532694645798231
500000700040003500003050090070010600180705042004060070010040200009300060008000007
591486723247193586863257194372914658186735942954862371715648239429371865638529417
400300009060200007009050002080000700053407920007000030300090800800001090600002005
412376589568249317739158642286913754153487926947625138325794861874561293691832475
500910030000008000928360000140500000007000900000007021000093164000800000030041008
576914832314278695928365417142539786857126943693487521285793164461852379739641258
035008090012000400000100002003007020070020060040300700800006000007000630050700210
735248196912673485684195372163857924579421863248369751821936547497512638356784219
030010060010250800908000001040530000300000007000024090400000105003086040080090030
735918264614253879928647351247539618359861427861724593496372185573186942182495736
020003009004005700000914000000008064008000500140700000000287000007500400900100050
521873649894625731736914285279358164368491572145762893453287916617539428982146357
010200580000060200000935001000340000740000095000052000600487000004090000085001070
319274586457168239826935741568349127742816395193752864631487952274593618985621473
000500300050410008360000074000100900084905210009004000230000059900052080005009000
498576321752413698361298574523187946684935217179624835237861459946752183815349762
007000050093000004450083600000069000005104800000720000008470061500000780010000400
627941358893657214451283679382569147975134826164728593238475961549316782716892435
020005000108004350053000000200009060700020001080700002000000940047100805000900010
629385174178294356453617289215439768794826531386751492861572943947163825532948617
000000020000386100380072090150000007068000430400000012040920081001834000020000000
716459328592386174384172695159243867268517439437698512643925781971834256825761943
000012900175300400000000013900800000030206050000001004590000000006003875003640000
348512967175369428269487513917854632834276159652931784591728346426193875783645291
560043000008072000000900030104000060006705400080000905010007000000420300000530098
569143827438672159271958634154389762926715483783264915312897546895426371647531298
800000930000006074406800000060380790010000060047091050000008609650400000081000005
875142936123956874496837512562384791918275463347691258734518629659423187281769345
003000000100890072020700900530080020800506004040010068009008010380074006000000400
793162845154893672628745931536489127817526394942317568469258713381974256275631489
000602000230040000006030205040100000082090340000004050608010900000020063000807000
879652431235941786416738295547183629182596347963274158628315974751429863394867512
000062840040000090005010607004035061003000900150640300401070500070000010026150000
917562843642783195835419627284935761763821954159647382491276538578394216326158479
000039040600004000041500900060950300075000410003071060006008190000600003010790000
728139546659824731341567982164952378275386419983471265536248197497615823812793654
000000000290005010800003209961050008000609000300010965106400007080700031000000000
613972854297845316854163279961354728725689143348217965136428597582796431479531682
390800000000036057000000830107090000960508071000070403082000000610780000000009082
396857124824136957571924836147293568963548271258671493482365719619782345735419682
064150003070600000210007000600500002750000018800009005000900056000003080100085930
964152873378694521215837649631548792759326418842719365483971256597263184126485937
000000003300804500001020040700030600006107900005080004060070800002503006400000000
694751283327894561581326749748935612236147958915682374163479825872513496459268137
403702080000100000080000007090050001705000204800020030600000070000004000070601903
453762189927138546186549327392457861765813294841926735618395472539274618274681953
010092300604001000000000050000600092000010000230004000040000000000700801007850030
718592346654371928392468157581637492479215683236984715843126579925743861167859234
070000090000097500306200100068100050000040000040003670007009805004710000050000060
875361294412897536396254187968172453723546918541983672137629845684715329259438761
004601250800020400060000800000950000540000017000016000001000020007090008085102700
974681253853729461162345879218957346546238917739416582491873625627594138385162794
700029000050800700100300090300000010802000407010000003070002006006003040000140009
743629185659814732128375694364297518892531467517468923471982356986753241235146879
050000800009300001410905030005040000070000060000080900090704053500009600001000090
653412879729368541418975236985641327172593468364287915896724153547139682231856794
080305004200070013000020800040007900000000000006800030001080000530060002600102090
187395624269478513453621879345217968812936457796854231921583746534769182678142395
000002600007001002860500040000000826090040030625000000040008015500900200003600000
419872653357461982862593741734159826198246537625387194946728315571934268283615479
000070000200096100091000000052600004803000501600008790000000370005320006000050000
468175923237496158591283647952617834873942561614538792129864375785329416346751289
028001406000380000030002080170500008000000000300004079040200090000046000703800620
928751436416389752537462981174593268269178543385624179641237895852946317793815624
000095007050000000807000160201300086000000000760001403024000601000000050900520000
132695847456187932897243165241379586385462719769851423524738691673914258918526374
007100069000200003000064500100080020050702040080040005008470000900006000710009800
437158269865297413291364587174985326659732148382641975528473691943816752716529834
180003000905000000700510060050800070009050300060004050040038007000000805000900024
186273549925486713734519268253891476419657382867324951542138697691742835378965124
000000100210500900905840007000913000001060500000752000800037409002005068009000000
467329185218576934935841627584913276721468593693752841856237419342195768179684352
030500060015400009080070000100050700806000901009010006000040090500007240040005030
437591862615428379982376514124659783856734921379812456768243195593167248241985637
003000840000743001400500003740030200009205100005090038900007002100489000074000300
563921847298743651417568923741836295389275164625194738956317482132489576874652319
050007008007002510010600700000508300200060001008209000001005090089400100700800020
956147238437982516812653749194578362275364981368219457621735894589426173743891625
080000030305007400090346000008200097050000010970008300000981070001600905030000060
184529736365817429297346581418235697653794812972168354546981273821673945739452168
920030000410569003053000000030208000004000800000607090000000160100854037000020058
926731584418569273753482619539218746674395821281647395845973162162854937397126458
506040200000600700000002080100700630007000400089003007030800000001006000005090804
576148293218639745943572186152784639367915428489263517634827951891456372725391864
003670100200080000004309020600053900008000600005960004080206300000090001006031400
853672149219584736764319528621453987948127653375968214187246395432795861596831472
700900402009000070002040000301009208000203000405600703000020600030000500904007001
763985412549132876812746935371459268698273154425618793157324689236891547984567321
000006050000850000800002901981000305570000082203000419705300008000085000030600000
312496857497851236856732941981264375574913682263578419725349168649185723138627594
540009000007001400000800071000200000090564080000007000780005000009100300000400067
541729836837651429962843571674238195193564782258917643786395214429176358315482967
100960000705041200060800100940000500000704000003000042006007050008130407000058003
134962785785341296269875134941623578652784319873519642326497851598136427417258963
608000000400520078020000300040019700005000900009850030006000010150067003000000507
638791425491523678527648391843219756215376984769854132376485219152967843984132567
000600000801002040270040001097024050000000000030560290300080072020900503000003000
943651827861732945275849361697324158452198736138567294319485672724916583586273419
306800000170300000000007060040026008010000090500480030090500000000008079000004602
356849721172365984984217365743926518218753496569481237691572843425638179837194652
000007600035600092000040000073000800080090050009000260000030000120006340004500000
912357684435681792867249531273465819681792453549813267756134928128976345394528176
060100300800003700090078005000036000070000030000290000600720010009600003008001060
467152389825963741193478625541836297972514836386297154634729518219685473758341962
000001000079803004204000003500000840607000309042000001700000408300708960000500000
835421796179863524264957183513679842687214359942385671756192438321748965498536217
300006000000040000080030190460000517003000900579000068046070020000090000000200004
397126485651948273284735196462389517813657942579412368146573829725894631938261754
029080000400000189080500200014008500000000000002100870005002010761000005000010430
629481753457326189183597246914738562876254391532169874345972618761843925298615437
200005000600001090087009005020000001308040206700000080400600920050200008000100004
294365817635781492187429635529836741318947256746512389471658923953274168862193574
230400800400000007060700410010095200006000100004170090042007050100000004005002081
237451869481926537569738412713695248956284173824173695342817956178569324695342781
060500204001000007200007100302980000000405000000072309007100006400000700906004010
763519284851243967294867153342981675679435821185672349527198436418356792936724518
060070020200500006007030000005080030830602097070010500000060700100007008090020050
568971324213548976947236815425789631831652497679413582382165749154397268796824153
740000308900300027305000900000540000000010000000027000009000801430001002507000049
742196358961385427385472916176549283294813765853627194629754831438961572517238649