000103400354709261009026803807930504201060708405017306903640100578301642006208000
682153479354789261719426853867932514231564798495817326923645187578391642146278935
320950647001670800076048015817000039259000164460000728130280970002094300795063082
328951647541672893976348215817426539259837164463519728134285976682794351795163482
850392047429006038706108592000000870175000264048000000583604709260900415910725086
851392647429576138736148592692451873175839264348267951583614729267983415914725386
980027300160030029307900648012006975730050082549700130498003207270090064001270093
984627351165438729327915648812346975736159482549782136498563217273891564651274893
073000849086370510925008307312080000690523081000010423508200974069037150741000230
173652849486379512925148367312784695694523781857916423538261974269437158741895236
452038769900006523307000400670081042084090350290360017006000108849600005531870694
452138769918746523367925481673581942184297356295364817726459138849613275531872694
169034052740926310082700049071003004008090500500400930610002890094587063850160427
169834752745926318382715649971653284438291576526478931617342895294587163853169427
380950200400382905925410870000045610008769500054120000037091486809534007002078059
386957241471382965925416873793845612218769534654123798537291486869534127142678359
008043070745619200391072604030056140020701060056930080902460513003197426010320800
268543971745619238391872654837256149429781365156934782972468513583197426614325897
345206807007183050806740320000820065650307048470069000021058403060472500504901276
345296817297183654816745329139824765652317948478569132721658493963472581584931276
900724000346091027107603005000352614002947500435816000200108706780260493000479002
958724361346591827127683945879352614612947538435816279294138756781265493563479182
630915800529804100418237090000400075760020081280001000040792653002603418006148029
637915842529864137418237596193486275764529381285371964841792653972653418356148729
050108079000296105100470620467529001901060502500814967015083004709652000830901050
256138479374296185198475623467529831981367542523814967615783294749652318832941756
035017000180000423046003500321785904409132708508946132004300280852000019000290640
235417896187569423946823571321785964469132758578946132694351287852674319713298645
400100007900060804756348012031786495807000106564931270370514629105020003600003001
482195367913267854756348912231786495897452136564931278378514629145629783629873541
004030701307600458190704602246051079900060005580920364602103087718006503409070200
864532791327619458195784632246351879973468125581927364652143987718296543439875216
090002015562910030100803260701000682234681957986000103075104008010028476420700090
893462715562917834147853269751349682234681957986275143675194328319528476428736591
059820060201607093367000285004500809975010624108009300513000978740901502090035140
459823761281657493367194285634572819975318624128469357513246978746981532892735146
031025900426003875085607003803204056060708010210509308100306490642900537009450680
731825964426193875985647123893214756564738219217569348158376492642981537379452681
000059703960720841037168029093010200280030094004090130720641380358072016106380000
812459763965723841437168529693814257281537694574296138729641385358972416146385972
492005030068930457500408010980526073700040006210379045020107004871054390040200781
492715638168932457537468219984526173753841926216379845329187564871654392645293781
050601370706059120000032059305068402248503761601270503510920000027410906069307010
952641378736859124184732659375168492248593761691274583513926847827415936469387215
407500012260007409318900750876390100034706920009041637081005263603200071750003804
497568312265137489318924756876392145134756928529841637981475263643289571752613894
421090060056720801700005094509300612170569048368001509610400003804056120090030456
421893765956724831783615294549387612172569348368241579615472983834956127297138456
237090540694052017800000203003987065906010302150623900301000008740530621082070439
237891546694352817815764293423987165976415382158623974361249758749538621582176439
801294670062030008954768103043900506008000300506003940405617239600020850029845701
831294675762531498954768123143972586298456317576183942485617239617329854329845761
058006000102005630649002018081364957760208043493571280530400892014600305000800460
358146729172985634649732518281364957765298143493571286536417892814629375927853461
900600310380090674641307280532780061008000400490013857069401532153020046074006008
927648315385192674641357289532784961718965423496213857869471532153829746274536198
602958007801407523000312900210790085900030006750081092008529000325106809100873204
632958147891467523547312968216794385984235716753681492478529631325146879169873254
700004123190607850038120000061042305023768940904350680000073210015206097287400006
756894123192637854438125769861942375523768941974351682649573218315286497287419536
810267430234010607097403120473002080000070000060500793026901840908020361041685072
815267439234819657697453128473192586589376214162548793726931845958724361341685972
480703020023408719006152040030647005070835060600219070040321600312906850060504032
481793526523468719796152348139647285274835961658219473845321697312976854967584132
683900714200000600019060283160450902390872046704096038472010350006000001851009467
683925714247381695519764283168453972395872146724196538472618359936547821851239467
800390014160580729405217000341600200009458100008002497000861902782045031910023005
827396514163584729495217386341679258279458163658132497534861972782945631916723845
400000000658001972920085341005193700271456893006278500734560089182900465000000007
413729658658341972927685341845193726271456893396278514734562189182937465569814237
503079008607504901009600457804016500371905682005280104798001300106802709400390806
543179268687524931219638457824716593371945682965283174798461325136852749452397816
627400015140205008508713200080631050010574060050829030005987601900106083860002479
627498315143265798598713246284631957319574862756829134435987621972146583861352479
004291536900004700500080094083712659019040870657839140360070005005100008198425300
874291536926354781531687294483712659219546873657839142362978415745163928198425367
500862391293507060680400527059000080007985600020000750415003078030708146768194005
574862391293517864681439527159276483347985612826341759415623978932758146768194235
806370000000064008437805062029607085743589621650201470560708943300910000000053806
816372594295164738437895162129647385743589621658231479561728943384916257972453816
072045039145300200006278041060519382080000050953682010430967100007001493510420860
872145639145396278396278541764519382281734956953682714438967125627851493519423867
683721059025600070107354020300289000902060708000437002030542607050006280260873594
683721459425698371197354826376289145942165738518437962839542617754916283261873594
031090000748020039569008742800765391900302005357941006183200654490050817000010920
231497568748526139569138742824765391916382475357941286183279654492653817675814923
125900643039050081047630092900500804080492070402006005350029460790060210216008359
125987643639254781847631592961573824583492176472816935358129467794365218216748359
780500326325047010100030754013905247002000500459203680248060005030120469961004032
784591326325647918196832754613985247872416593459273681248369175537128469961754832
501036029724500000003807041300941058012785930890263004230108400000002815150670302
581436729724519683963827541376941258412785936895263174239158467647392815158674392
405090601090620457630400928380140795060000080951078046819004072273081060506030809
425897631198623457637415928382146795764259183951378246819564372273981564546732819
015070800073845601608090004769420380030569010051087469300050106507614930006030570
415276893973845621628193754769421385834569217251387469392758146587614932146932578
960201384730864905100900006406307100017609830008102607600003008803496071249708063
965271384732864915184935726426387159517649832398152647671523498853496271249718563
007902100051470230300500679560320701143090562802051093795003006036085940008709300
687932154951476238324518679569324781143897562872651493795243816236185947418769325
100060070042700168687125940904080700261307589008050406016293857375004690020070004
193468275542739168687125943954682731261347589738951426416293857375814692829576314
687000532950780064004650978005020810460030097098060300826094700140075089579000423
687941532952783164314652978735429816461538297298167345826394751143275689579816423
807320506569801342200590700001680403002907100306015900005043007128709634703068209
817324596569871342234596781951682473482937165376415928695243817128759634743168259
602089704000002908879164002003925080286070195040816300500238641308500000104690803
652389714431752968879164532713925486286473195945816327597238641368541279124697853
046189073018352069300647800060038005000415000100970040009724006270561930650893720
546189273718352469392647851467238195923415687185976342839724516274561938651893724
601290050430751826720080400500120037293000165160039008002040091914367082050012304
681294753439751826725683419548126937293478165167539248372845691914367582856912374
050080419870196300001045870009007528067821940428300700085630200003912085296070030
652783419874196352931245876319467528567821943428359761185634297743912685296578134
706100008850026743042307065290603874008000500174208039410802950629530087500009302
736145298851926743942387165295613874368794521174258639413872956629531487587469312
049718306700020400681004902800470005537162894400083007104600783005030001308241560
249718356753926418681354972812479635537162894496583127124695783965837241378241569
940602030736098140500030896010409028093050670870306050387040009059260483060903015
948612537736598142521734896615479328293851674874326951387145269159267483462983715
070054128850069003314207096541908000260000049000406815930802754400790081187640030
679354128852169473314287596541938267268571349793426815936812754425793681187645932
302740601604082900578060340407500219130000056256009708065070193001650807703098504
392745681614382975578961342487536219139827456256419738865274193941653827723198564
100387409095420000480596017874005003261000875300700624910632048000074960602859001
126387459795421386483596217874265193261943875359718624917632548538174962642859731
500603174810070290473190680009500040280314067030008500021046759047050031958701006
592683174816475293473192685169527348285314967734968512321846759647259831958731426
105020400802936750907015062681007200270301089009200176720150908013879605008040307
165728493842936751937415862681597234274361589359284176726153948413879625598642317
104600530306140000907328060708056293003819400495730608040563901000081305031004806
184697532326145789957328164718456293263819457495732618842563971679281345531974826
093080567400057009051600348305201400047538190009706805814005620500460001936010750
293184567468357219751629348385291476647538192129746835814975623572463981936812754
820105706601308002000002908048713695900254003153986420306400000700801204402509071
829145736671398542534672918248713695967254183153986427316427859795831264482569371
670083200341790056050416000500801470107954603024307001000648030830079145002130068
679583214341792856258416397563821479187954623924367581715648932836279145492135768
010209400479080610823146070004398050950020043030457800040962587097030164005704020
516279438479583612823146975764398251958621743132457896341962587297835164685714329
135804092820007164070201053608309040200040007090102306340906070962700031580403629
135864792829537164476291853618379245253648917794152386341926578962785431587413629
000009005500024307370165298087251903900346002403978650839417026106580009700600000
268739415591824367374165298687251943915346872423978651839417526146582739752693184
510700280390580716000162359038020600701090508004010930179258000463071025085003097
516739284392584716847162359938425671721396548654817932179258463463971825285643197
023561970716894002090207140901006203050000060607900504039405020200689431064372890
423561978716894352598237146941756283352148769687923514839415627275689431164372895
905340060134000507860010423096501834003208900781403250618050042309000685040036709
925347168134682597867915423296571834453268971781493256618759342379124685542836719
060008390375400082819230650000862915900503008158749000041075863680001549093600020
462158397375496182819237654734862915926513478158749236241975863687321549593684721
030800050802150640615900802049087025507419308160230490406001283083026904090008070
934862751872153649615974832349687125527419368168235497456791283783526914291348576
907400003000380007030572406712056304489123765305740219104895030600034000200007508
927461853546389127831572496712956384489123765365748219174895632658234971293617548
000453601014629830030081900007014068682090314140260700009130020065972180301846000
298453671714629835536781942957314268682597314143268759879135426465972183321846597
000465201012300946074002058305910002160238095400056103740800530891003620203649000
938465271512387946674192358385914762167238495429756183746821539891573624253649817
126054307793100000405739016069487002800000009200965430930542601000001923602390574
126854397793126845485739216369487152854213769271965438937542681548671923612398574
000067500407301206906840370594106720062070140073504869045018907609702408001430000
318267594457391286926845371594186723862973145173524869245618937639752418781439652
007120093010409020902680570256047108198000764304860259035098607060304080820016300
687125493513479826942683571256947138198532764374861259435298617761354982829716345
376090510014057290920600007438509621000208000267104985600003059059820730043010862
376492518814357296925681347438579621591268473267134985682743159159826734743915862
480063270290000010310900654870340165132000497564019023921004086040000032053280041
485163279296475318317928654879342165132856497564719823921534786748691532653287941
506749800034801976980026145850000060302000501040000092478560019125407630003218407
516749823234851976987326145859132764362974581741685392478563219125497638693218457
503174090814690050070005010208517630709402501051938207090800070080029463060351908
523174896814693752976285314248517639739462581651938247392846175185729463467351928
940300102000925648065000307753049806604050903809630574306000480471893000502006039
948367152137925648265184397753249816614758923829631574396572481471893265582416739
008740095070960084050002706392174068706509103580326479807600040620097030930018600
268741395173965284459832716392174568746589123581326479817653942625497831934218657
105629070420080956706534810640050280008000700031090065069312507572060093010975608
185629374423781956796534812647153289958246731231897465869312547572468193314975628
800200470034080060697014582349008617000971000172600958486130295050060740021009006
815296473234785169697314582349528617568971324172643958486137295953862741721459836
051378206000004908004060571168902700209715803005806192583090400407500000602487310
951378246726154938834269571168932754249715863375846192583691427417523689692487315
000702608681059307700006504802067940379205186046890702205900001408510279107608000
954732618681459327723186594812367945379245186546891732235974861468513279197628453
294800030050940608076315204917520060002609800080031729308156940709083010060004382
294867135153942678876315294917528463432679851685431729328156947749283516561794382
809760400040892050020400060172546309436908715508173624010007040060259070007014503
859761432643892157721435968172546389436928715598173624915387246364259871287614593
078102504240003198005049760654000081020431070710000429091670200387200056402305810
978162534246753198135849762654927381829431675713586429591678243387214956462395817
002809306000000285816530794457290060960010052080065479628053947174000000305407600
542879316739641285816532794457298163963714852281365479628153947174926538395487621
917520084360010000425078610070600042890452076640007090039860457000090068780045931
917526384368914725425378619571639842893452176642187593239861457154793268786245931
015960034004107920293800716501006089030090040960400107429008573058209400170045290
715962834684137925293854716541726389837591642962483157429618573358279461176345298
618009050275103490049802071701620040082000160060015207490501720057206834020700915
618479352275163498349852671731628549582947163964315287493581726157296834826734915
000928107700516302201074080003705208502839706907102400050480901804291003109653000
435928167798516342261374589613745298542839716987162435356487921874291653129653874
792060000081275930563049872320900608800000001609008023937580164056734280000090357
792863415481275936563149872325917648874326591619458723937582164156734289248691357
062905038930478621481630590807006003000000000100800904048063219376129045210504370
762915438935478621481632597897246153654391782123857964548763219376129845219584376
803090146500000087600430209492067805750281034108540762905073008210000003384020501
823795146549612387671438259492367815756281934138549762965173428217854693384926571
630040570201060308407835600076400281010578090984006730005687903803020107029050064
638142579251769348497835612576493281312578496984216735145687923863924157729351864
001603040240000386693050271719360450082000610064092738957010823128000064030205100
871623945245971386693854271719368452382547619564192738957416823128739564436285197
570049830810605400060280075098430007620851043300027610740092080005704069031560024
572149836813675492469283175198436257627851943354927618746392581285714369931568724
647391085301000704000400319028610500710254098005037140254003000806000903130785426
647391285391528764582476319428619537713254698965837142254963871876142953139785426
907041502100306980068520710570090320602010405049050076014065230056107009703480601
937841562125376984468529713571694328682713495349258176814965237256137849793482651
053167824060093010071208360080530040206070103010024070028905430090340080134782590
953167824862493715471258369789531642246879153315624978628915437597346281134782596
104820537305749002708000096483570610002000700079018324250000803800253901936081205
194826537365749182728135496483572619612394758579618324251967843847253961936481275
081652900004109360900074208006891700179040826008726500803960002097208400002437680
381652947724189365965374218256891734179543826438726591843965172697218453512437689
506000910070095802901687304390040586602070401814050073205769108109320040038000609
586432917473195862921687354397241586652873491814956273245769138169328745738514629
042065098800793000000208563010432856604070902235689040428906000000824009960350280
342165798856793421197248563719432856684571932235689147428916375573824619961357284
081357090005908207000241358820690741060000030597013026759126000308509100010834570
281357694435968217976241358823695741164782935597413826759126483348579162612834579
684025009730000058059080647105207803806301904403809502548030790360000025900570386
684725139731496258259183647195247863826351974473869512548632791367918425912574386
078406591365092700400005260650083107030201080102640059041300002003520416826704930
278436591365192748419875263654983127937251684182647359541369872793528416826714935
906001482100064975084270003207903800008127500001605207700052640635490001842700309
976531482123864975584279163257943816368127594491685237719352648635498721842716359
100900602008210040492030058026170480349582761071069320910050274080021500205004003
157948632638215947492637158526173489349582761871469325913856274784321596265794813
001069080005078016486012793659824100008000600007196258593640821170980300060230900
731469582925378416486512793659824137218753649347196258593647821172985364864231975
760082100321560087048730690013000008694020731800000920072053840430098275005240016
769482153321569487548731692213974568694825731857316924172653849436198275985247316
810073240745289103600050800961008027200506004530900618007060002406792381092840056
819673245745289163623154879961438527278516934534927618187365492456792381392841756
040023975590087006006900300051832040839764152020195630004008500900370021312540060
148623975593487216276951384651832749839764152427195638764218593985376421312549867
510486007006975104784302060020000371041090850375000090050609748803247500400158023
519486237236975184784312965928564371641793852375821496152639748863247519497158623
624007003109804560007036120562000371001365900398000456046570200013209605200600739
624157893139824567857936124562498371471365982398712456946573218713289645285641739
800060170701453009592000340916800507450316098308007614075000963100639702039070001
843962175761453829592781346916824537457316298328597614275148963184639752639275481
007461098084075061010083004170809630409030802063502047500390080790150420340627100
237461598984275361615983274172849635459736812863512947521394786796158423348627159
700401800040537260531820790406015027000368000910740608094073582028159070005204003
762491835849537261531826794486915327257368149913742658194673582328159476675284913
009060170201074053760180942108300705004518300302006401426031097810450206035020800
549263178281974653763185942198342765674518329352796481426831597817459236935627814
356821740792350600100907502070080050040739020030040070805603007007018293013472865
356821749792354681184967532279186354548739126631245978825693417467518293913472865
002000695750986030904302010073495860609070503018263470090807302020539086385000900
832714695751986234964352718273495861649178523518263479196847352427539186385621947
807006493603790001590304700384970010910602074060031958006109037400057109179800205
827516493643798521591324786384975612915682374762431958256149837438257169179863245
039800050050906384481573096905400600160030028003009405210357849397208060040001730
639824157752916384481573296975482613164735928823169475216357849397248561548691732
540000300802015064307948015006450987058070430974032600780194506410520803005000049
541267398892315764367948215236451987158679432974832651783194526419526873625783149
062098301003260700180000600635172948020689070879345126006000037008027400507830210
762498351953261784184753692635172948421689573879345126296514837318927465547836219
075280010004059000821476500512304867300705004749608153003542678000960300050037290
975283416634159782821476539512394867368715924749628153193542678287961345456837291
561024709480005620972816040040000900805967204007000030010472568024600093608130472
561324789483795621972816345146283957835967214297541836319472568724658193658139472
010689300536740918978000000685193420400000001021564893000000534347056189009431060
214689375536742918978315246685193427493827651721564893162978534347256189859431762
952187463860200100001030080098001046340968071610300850030090700004006035789513624
952187463863245197471639582298751346345968271617324859536492718124876935789513624
250409107090800062681572093000150209019204650502086000930628714170005020806701035
253469187497813562681572493368157249719234658542986371935628714174395826826741935
081607003029031745073000168056482000712000984000719650367000410295140830100903520
481657293629831745573294168956482371712365984834719652367528419295146837148973526
001008037306502401478130652600980004284000193700041005153097246802605309960300500
521468937396572481478139652615983724284756193739241865153897246842615379967324518
005312046420570310630840250080490500309708401007053060092035084063024095510987600
975312846428576319631849257286491573359768421147253968792635184863124795514987632
784060251905040300100508900208401607306782405507306102001609003002010709879030516
784963251925147368163528974298451637316782495547396182451679823632815749879234516
060892000592013804830040902306408019049605380280901406903050048605380791000169020
764892135592713864831546972356478219149625387287931456913257648625384791478169523
800950200319427650527168030704200006908000705100005403080572349075394861003016002
846953217319427658527168934754239186938641725162785493681572349275394861493816572
921006480807300090030090072589231607016040830304869251490080060060005304053600918
921756483847312596635498172589231647216547839374869251492183765168975324753624918
365710204890000010021359087089135740003000900014972860740621530030000028102093476
365718294897264315421359687689135742273486951514972863748621539936547128152893476
200900463184300205009425070058046702010293080402750610090512800501009326827004001
275981463184367295369425178958146732716293584432758619693512847541879326827634951
970480560846502130200061940020604095605000704490205010064350001039807456082046079
971483562846592137253761948327614895615938724498275613764359281139827456582146379
070092506860000423532408170907286004600050001400913807056107948791000032208630010
174392586869571423532468179917286354683754291425913867356127948791845632248639715
180060792700208013902130608835741900000906000009382574201079305390605007574020069
183564792756298413942137658835741926427956831619382574261479385398615247574823169
500813697380950004100026300401070986923000745678090102009140003800069071214738009
542813697386957214197426358451372986923681745678594132769145823835269471214738569
076320109302040008940800236724060980590070062083050471467001023100030607209086510
876325149312649758945817236724163985591478362683952471467591823158234697239786514
803007216001389570504260000706905100310872045005106702000024908042618300658700401
893457216261389574574261839726945183319872645485136792137524968942618357658793421
010700840846100537073008609027460398080070050439085170102600780364007925058009060
915736842846192537273548619527461398681973254439285176192654783364817925758329461
206310708810060309943080216020943805500000001309851070495070123102090087608032504
256319748817264359943587216721943865584726931369851472495678123132495687678132594
027306198380921047951700000700400900249060875005007004000009452690514083534802610
427356198386921547951748236763485921249163875815297364178639452692514783534872619
079050480600090021210086903091038672006429100832160540908670015520010004063040290
379251486685394721214786953491538672756429138832167549948672315527913864163845297
003684920640039081800510300230948106000125000108376049009061002470850093026793400
713684925645239781892517364237948156964125837158376249389461572471852693526793418
000308524090251673000006010742089360159604782086710945030100000961843050874905000
617398524498251673523476819742589361159634782386712945235167498961843257874925136
000569704065730910907214603000640095030891020290075000609423801042087530803156000
321569784465738912987214653718642395536891427294375168659423871142987536873156249
400730025205490187060200439010528006008349200900167050392004010576012304840053002
489731625235496187167285439713528946658349271924167853392674518576812394841953762
040016020006420090053078641807601004394587216100203908579830160080059400030760080
948316725716425893253978641827691354394587216165243978579834162682159437431762589
102300970700425800538910020290743068800090002670281039050072384007639001021004607
142368975769425813538917426295743168813596742674281539956172384487639251321854697
092081367060090100180076290700059840850134072016720003045810026008040010271960430
592481367367592184184376295723659841859134672416728953945813726638247519271965438
204100980983456700705920604002700040107264803030009200509072108001845329028001407
264137985983456712715928634892713546157264893436589271549372168671845329328691457
031542007862309040407681209040296000208000503000853090609135704020407958500928310
931542687862379145457681239345296871298714563716853492689135724123467958574928316
430905087001684390859010260002060500640731029003040600098070456064198700320406018
436925187271684395859317264712869543645731829983542671198273456564198732327456918
305204600146089302907316040402000001659030724700000506060493207204860193003701408
385274619146589372927316845432657981659138724718942536861493257274865193593721468
350489100089073004064502398970000600540396082008000031235807410400230850006954073
352489167189673524764512398973128645541396782628745931235867419497231856816954273
013406802402900000986501740008160007259784631100053400021805374000002108804607920
513476892472938516986521743348169257259784631167253489621895374795342168834617925
732609415054010900196504307000045670041000530079230000307801294008060750925403168
732689415854317926196524387283145679641798532579236841367851294418962753925473168
020001574105020369900065108010508092852609743760203010201390007596080201347100080
628931574175824369934765128413578692852619743769243815281396457596487231347152986
009500638745800092060190705438000061076318520520000387302054010180003459654001200
219547638745836192863192745438275961976318524521469387392754816187623459654981273
002051943039280007175090060283107005700562001500908274020070459900025130358410700
862751943439286517175394862283147695794562381516938274621873459947625138358419726
280039015504860307609751420008000530950070042042000700025617903701098204890520076
287439615514862397639751428178246539956173842342985761425617983761398254893524176
006003018014568007030001562023756084805020601960184250489600030300897140670400800
596273418214568397738941562123756984845329671967184253489612735352897146671435829
009026540064000200283501970300489160648010397012367004031608725005000680096750400
179826543564973218283541976357489162648215397912367854431698725725134689896752431
381046200906007400704900136495831060100070004060294513278009305009700601003450927
381546279926317458754982136495831762132675894867294513278169345549723681613458927
050140638090030021183650049040380210302060804015094070520013967930070050764025080
257149638496738521183652749649387215372561894815294376528413967931876452764925183
584001029901568073376429001205006000018000390000100205400392168160854907890600542
584731629921568473376429851235986714718245396649173285457392168162854937893617542
001065940030080612029301805015603784806000209973408560102804350367050090058930100
781265943534789612629341875215693784846517239973428561192874356367152498458936127
129360405456071038370090012090702080700904006040506020260050093510840267907023541
129368475456271938378495612695712384732984156841536729264157893513849267987623541
050700426002060851406210073069040082318602549520030610830097204691020700247006090
153789426972463851486215973769541382318672549524938617835197264691824735247356198
926340500135006274080502000407005380698070152052100407000704020271600845009021763
926347518135986274784512639417295386698473152352168497863754921271639845549821763
476009180002800904008461002109008603627153498503600207700946800201007300094300576
476239185312875964958461732149728653627153498583694217735946821261587349894312576
260015000010203560950460023089020351576030842132040790320071084047302010000850037
263915478714283569958467123489726351576139842132548796325671984847392615691854237
015260804407015030020480591053108240060030010091706380132079050070350109509021760
915263874487915632326487591753198246864532917291746385132679458678354129549821763
205840006068095040403020501319680750604070308087032469902060105040950620700013804
275841936168395247493726581319684752624579318587132469932468175841957623756213894
418590672079208050000471008003604517720000093541709200900356000030907860657082349
418593672379268154265471938893624517726815493541739286984356721132947865657182349
056408123408203709732951000000594801000010000601837000000726348807305906364109270
956478123418263759732951684273594861589612437641837592195726348827345916364189275
413029086020400039890003007932874000745602893000935472300200051270001060150360724
413729586527486139896153247932874615745612893681935472368247951274591368159368724
038970105519083627070050080003810460820504031064039700090020070782640593305098210
238976145519483627476152389953817462827564931164239758691325874782641593345798216
150023947039071500704095003060008402381206795902300010800560204005730680276180059
158623947639471528724895163567918432381246795942357816813569274495732681276184359
005020407312460859900001630089006524504208106726500390091600003458032961603040200
865923417312467859947851632189376524534298176726514398291685743458732961673149285
056209873402370005873165094000590002000731000500026000680457321700012508215603740
156249873492378615873165294367594182928731456541826937689457321734912568215683749
302067058084031760076598032000906080069802510020103000630724890047680320250310607
392467158584231769176598432713956284469872513825143976631724895947685321258319647
740980300301204079982570061600012500003756900005490002510037284230809106004025093
746981325351264879982573461698312547423756918175498632519637284237849156864125793
753040218080100050042053769091500800268010537005008190816390470020001080934080621
753649218689127354142853769391576842268914537475238196816392475527461983934785621