004200000060001708070350400400005070000010000020800006009023010306500080000007600
194278365563491728872356491431965872658712943927834156789623514316549287245187639
070060930080305000900700800002004307000000000408900500007009003000503090019040020
275468931186395274943721856592184367731652489468937512857219643624573198319846725
100040709260700000080002000000000036702030108310000000000800090000009012903010004
135648729269751483487392651894175236752936148316284975641823597578469312923517864
040098030000340000200005008031000002028000670400000380600100003000067000080420090
746298135859341267213675948931786452528934671467512389674159823392867514185423796
600040700007002000008000640060009070000281000040300080096000200000100900002070005
659843721437612598128795643861459372973281456245367189796538214584126937312974865
100080000030100009048300000000700026006529400470008000000003260800007090000090001
127984653635172849948365172589741326316529487472638915791453268863217594254896731
350100900009056004600300008800000200073000180002000007900007001700460800001009063
354128976189756324627394518816973245573642189492815637968237451735461892241589763
100890000007260900000001008602004800050010040001600705900300000004072100000089003
146897352837265914529431678692754831753918246481623795918346527364572189275189463
900041000700500400800000703500009000010000060000800002109000007004006008000350009
935741286726538491841692753563129874218473965497865312159284637374916528682357149
000027093000600100000090040000009420090802060036500000020080000008006000140230000
561427893489653172372198546815369427794812365236574918623981754958746231147235689
003600000007045020650000000002080060190000075030070400000000046080460900000009500
423697158917845623658213794742581369196324875835976412379158246581462937264739581
000050048500080300030004600090041000700000002000270010006500090005010007870060000
267359148514786329938124675692841753751693482483275916126537894345918267879462531
000009000453080910900050603000000100040861050002000000805010004071090265000700000
216379548453286917987154623538942176749861352162537489825613794371498265694725831
000080039000309000002000004507900010030105040010006305200000100000607000760040000
156482739874369251392751684527934816638175942419826375243598167985617423761243598
004030507302090060000400000008900710590000042047001800000007000010040206706080100
964138527382795461175426983238964715591873642647251839429617358813549276756382194
500000009009415076008009000730800600000000000004003025000900500650371400400000007
546287319329415876178639254735892641261754983984163725817946532652371498493528167
300005001700800000050000760049001500020000030003200840032000090000002007600900004
364725981791836425258194763849361572526478139173259846432517698985642317617983254
080001005030050260100300000028000004000609000700000310000006002065020040200100070
689271435437958261152364789528713694314689527796542318871436952965827143243195876
100020803000000000000605217000003756020000080763500000832904000000000000501080009
154729863276831594389645217418293756925476381763518942832964175697152438541387629
080000700070000089001060205500407000000000000000502006406090300830000050002000040
283159764675243189941768235569417823324986517718532496456891372837624951192375648
400370000700601000002500700900000503035000690604000008006004900000108005000093006
451372869793681452862549731987416523135827694624935178316254987279168345548793216
803500000000007000500000630030028050200705003090360070059000002000400000000006901
863542719941637825527189634734928156286715493195364278459871362612493587378256941
090050067000001580800000040480016009000000000500230074040000005016900000970020010
194852367637491582852367941483716259729584136561239874248173695316945728975628413
000000070070034092029007004040090080600000007080050060800100240230480010060000000
416925378578634192329817654743296581651348927982751463897163245235489716164572839
000000000400100580000084037040098720200705003085320060930460000056009004000000000
678253941493176582512984637341698725269745813785321469937462158156839274824517396
060030000400610007300009008008000703003020100704000200200700001900081006000060070
167538924489612357352479618528194763693827145714356289236745891975281436841963572
600005030000200000830004026004020091003050600720090300260800053000001000040300008
612785934459236817837914526584623791193457682726198345261879453378541269945362178
008000002000205084402000679000158007000000000800637000273000908580906000100000400
618749532397265184452381679926158347731492856845637291273514968584926713169873425
007006003000310200401000009000008000065040710000200000500000806004039000900700400
257496183698317245431852679312578964865943712749261358573124896184639527926785431
300000000071400000006300087700640905000908000605073008860001400000004610000000003
382716594971485326456329187718642935234958761695173248863591472527834619149267853
010800302000009007209000010700300000000562000000004005060000104900700000508001060
615847392834129657279653418752318946493562871186974235367295184941786523528431769
007000050100009402200510000001030098000901000340060200000087006906300004070000300
637248159185679432294513867521734698768921543349865271453187926916352784872496315
720006100095100038000030000100000200050000040009000001000060000480007960002500087
723856194695142738814739526148695273356271849279483651537968412481327965962514387
000602050600008030001350900100800060047000820060009003008026400010500002090401000
983612754654798231271354986129843567347165829865279143738926415416587392592431678
000060010090002504020009300063208000500000001000605430008700040907500060050030000
845367912396182574721459386163248759584973621279615438638791245917524863452836197
001800054830000900000700000107000000058469710000000205000002000004000092590007100
971823654836514927425796831167235489258469713349178265613942578784651392592387146
000010250000000940600400003005004010400703009080200500800009005037000000056080000
374918256528376941619425783295864317461753829783291564842639175137542698956187432
000070200006500000704002050160000300050000090003000014070400802000009600002030000
519874263326591487784362159167945328458213796293687514971456832835729641642138975
089000700020000006000031009000814000060000090000796000400160000900000080003000470
589642713321978546746531829295814367867325194134796258458167932972453681613289475
012000005800904000040000090270009000003608900000400078020000060000507009100000750
912783645835964217746215893278159436453678921691432578527891364364527189189346752
040001000009003084208040001001002040600408005080500100400020608520900400000300070
745891362169273584238645791951732846672418935384569127493127658527986413816354279
060510000150800020048600000016000000800040009000000150000006280020009075000031060
762513498153894726948627513316975842875142639294368157439756281621489375587231964
000080005860300020300002600008010096003000100170040500007500001030001059400020000
729486315861357924354192687548213796293765148176948532987534261632871459415629873
900004000000070205010002006090041070003000500040560030200400060106030000000900007
927654381684173295315892746592341678763289514841567932279415863156738429438926157
680070000045000000000006057210600000350801046000009012890700000000000570000060024
682975431745213689931486257218647395359821746467539812894752163126394578573168924
002800130000000000301260005047300010800106002020008490900012807000000000014003900
462857139785931264391264785547329618839146572126578493953612847678495321214783956
020007008060402009900800072000009400010000050004100000780005004400308060500700080
123697548867452139945831672278569413319274856654183297786915324491328765532746981
040800100009000730000056009000400580005000600026008000300180000074000300001003050
243879165569241738718356249937462581485917623126538497352184976874695312691723854
810900004000050060009000008070035020003701400020890070600000300050040000300006015
815962734732458169469173258974635821583721496126894573698517342251349687347286915
040000001009041008708300000003090000600804007000020300000005806400780500500000090
346978251259641738718352649173596482625834917894127365932415876461789523587263194
003700000000000060120306800200890000047000290000024008005401023060000000000002700
683759412574218369129346857256897134847135296931624578795481623462573981318962745
200070800030020006070003402310000000080405010000000094108900040700040060003050001
261574839435829176879613452314297685986435217527186394158962743792341568643758921
002600301400000070610800000000047023200000005340120000000003059030000007807009100
752694381498312576613875942981547623276938415345126798124763859539481267867259134
800001000705009020090580070008005006300000002600300100080056010030700604000100008
843271569715649823296583471928415736351867942674392185482956317139728654567134298
083600071061800000200030000400028000008000900000710004000080009000004360340001850
983652471761849235254137698435928716178465923692713584527386149819574362346291857
300004900100900080902008000081030000050000060000040170000200507020009008004500009
378154926165927384942368751781632495453791862296845173619283547527419638834576219
000000502800400600200009140009017000100080005000350900028600003007003004504000000
461738592895421637273569148359217486142986375786354921928645713617893254534172869
200080003040200908008007200106400300000070000004003607002800700301009080700040009
217984563643215978958367241176428395539176824824593617492831756361759482785642139
030800000201907004900060020500100007004000200100005003020010006700406302000009080
436821759281957634957364128568132947374698215192745863829513476715486392643279581
400053790000000065065200400000006170000080000049700000004005210750000000081490006
418653792327914865965278431832546179176389524549721683694835217753162948281497356
700050300000690004090003000004068002050000010600310800000400070500036000006080001
761854329235691784498273165314768952857942613629315847183429576572136498946587231
208700000003080000540600007090170000006000700000046030300004062000020400000005109
268751394973482516541639287495173628136298745782546931357914862619827453824365179
080003700300040010906700000500002008009000300400100009000001806030070004008600030
284913765357846912916725483571392648829564371463187529792431856635278194148659237
000030062000005800030018507610000908000040000903000025802350070001800000390070000
587439162129765843436218597614527938258943716973186425842351679761892354395674281
000200003020001007001300400050000609900040002807000040008003900100800060300009000
584276193623491857791385426452137689916548732837962541268753914179824365345619278
600700094001069000070204000000005070065000830020600000000506080000930100950007003
632718594541369728879254316394825671765491832128673459213546987487932165956187243
007609020090300000003072910320000060700806005080000047072560100000008070030207600
147689523296351784853472916329745861714826395685193247972564138561938472438217659
007103000900600000468092000005900003300000007600005200000750196000009008000201300
527183649913674582468592731145927863382416957679835214234758196751369428896241375
400060095005001060000000700006005320000604000048700500004000000020300900350080007
483267195275931468691458732716895324532614879948723516164579283827346951359182647
000500092007408000600020080000310820000000000036072000050060003000105900960003000
418536792527498631693721584745319826289654317136872459851967243372145968964283175
004720000002006001600801700706500000005000200000003506007604005400200600000035900
514729863872356491693841752786512349345968217129473586937684125451297638268135974
069000000040300010200050406100420000020103060000065007608030001070008040000000680
369241758745386912281759436156427893827193564934865127698534271572618349413972685
400009005050702000017500000700006000840000056000400001000003580000607020100900004
426839715958712463317564892731256948849371256265498371694123587583647129172985634
006002000480090000000540097800000030020709040090000005540027000000010072000900100
956172384487693521312548697864251739125739846793486215541327968639815472278964153
900046000000007009003009064009004010704000208010700600590400100100300000000950002
925846731461537829873129564659284317734615298218793645597462183142378956386951472
950000210000850009080000005010980060670000042030064050100000020400026000027000096
953647218241853679786291435514982763679135842832764951168579324495326187327418596
000000060013000700907010008000370000080204010000096000500030809008000350040000000
825743961413869725967512438651378294789254613234196587572631849198427356346985172
000090203100005000007410508002000870900000006058000300301064700000100002709030000
845796213136825497297413568612359874973248156458671329321964785564187932789532641
450700000001000000000060180060210050040906010080047060032090000000000900000004078
458731692621859437379462185967213854245986713183547269732698541814375926596124378
009200000001005004060078001800600003013000970200007006400980050900700600000002400
549216738781395264362478591874659123613824975295137846426981357958743612137562489
000000804090068300001700060060430920007010600059076010040007100002690040906000000
623159874794268351581743269168435927437912685259876413845327196372691548916584732
600200010400180007050000600000079000390020078000350000006000050200013006030007002
673295814429186537851734629182479365395621478764358291916842753247513986538967142
000000030062007000314900000080630009700801002600054080000003165000500270070000000
897125436562347918314968527481632759753891642629754381948273165136589274275416893
700260090000008010020000604000001008006070900500800000205000080030100000060093007
714265893659438712328917654972651438186374925543829176295746381437182569861593247
007080000600301020530200000790000032004000600350000014000004069010509008000020100
247986351689351427531247986796415832124873695358692714872134569413569278965728143
000800070050020009000006008270410800100000003009037021600300000900040010020009000
416893275758124369392576148273415896164982753589637421647351982935248617821769534
001000002094005600036080000600500040409108307010009006000030760008900510900000200
571693482894215673236784195683527941459168327712349856145832769328976514967451238
600100000490006001000090080000600590046501370023007000070060000100700024000009005
632158947498376251751492683817643592946521378523987416275864139169735824384219765
609080000107920000040300000010000267800000005964000030000004010000068502000030809
639485721187926354245371986513849267872613495964257138728594613391768542456132879
002510600000700001050000900207180000064000810000062703003000080400001000008079300
942518637836794251751326948297183465364957812185462793673245189429831576518679324
076000000402903000100608000080000006005706300200000050000804003000209105000000260
876512439452973681193648572387425916915786324264391857621854793738269145549137268
000605020006070000920400670460000208002000300309000064034009082000080400080103000
748635921516972843923418675461397258872564319359821764634759182195286437287143596
050630000003090207906000800009200000500010006000009300008000702307060100000072040
852637419413895267976124853739246581584713926261589374648951732327468195195372648
480019005039000000000400020850307096000000000290104083070001000000000150600950078
482619735739285641165473829851327496346598217297164583573841962928736154614952378
000095040002401006004200030000000904060000080403000000050007100200103800030860000
371695248582431796694278531718326954965714382423589617856947123247153869139862475
000300600400010070090504081000706002002000400300209000160403050050060009008001000
815397624423618975697524381541736892972185463386249517169473258754862139238951746
000200400070040500060070982090000800300809001006000050687020040003080090002001000
538296417279148536164573982791352864345869721826714359687925143413687295952431678
072800000500020900061030082800401000000090000000508009310080270004050003000002690
972846351538127946461935782893461527157293468246578139319684275624759813785312694
000000059405803000000095300050004807900000006706900030003480000000207504870000000
381642759495873612267195348152364897938751426746928135523486971619237584874519263
000000709210004006078010020000100950000805000053006000020030460600400037704000000
546382719219754386378619524867143952192875643453926871921537468685491237734268195
000823600007050030100000005200600500700000004008001006400000008060070300002345000
945823617627154839183769425214687593796532184358491276439216758561978342872345961
020410800600000000030000450008900000150000069000007200082000030000000008004035070
527413896649578123831629457278961345153284769496357281782196534365742918914835672
300700526402000100000000800800069010000000000070120004007000000003000902286005003
398741526452896137761532849824369715139457268675128394947283651513674982286915473
021000400400006070000034000250080040000607000060040081000950000080700003005000710
521879436493526178876134259259381647148697325367245981712953864684712593935468712
070021600000074002009000050301090000058000940000040708090000800600830000007210090
874521639536974182129683457341798526758162943962345718293457861615839274487216395
004001070000000000020530001043000206800406007209000180900043020000000000050100800
594261378138794562627538491743819256815426937269357184981643725472985613356172849
000040000700359001000007968340002800600000004008400072865900000400186009000020000
219648537786359241534217968341762895672895314958431672865974123423186759197523486
090087060005000000107000082200060009000408000300070001710000206000000300050720090
492387165865192734137645982241563879579418623386279541718934256924856317653721498
400030650010000300000004072000009200270000031008400000830100000007000010061040005
429731658715268349683594172156379284274685931398412567832157496547926813961843725
700009026000000000001204008000000413005108700917000000600302500000000000380900001
743589126298671354561234978826795413435168792917423865674312589159846237382957641
608005002703001005000000010050640003009000100300097050080000000900400201500800604
618975342743281965295364817851642793479538126326197458184726539967453281532819674
000420001600000040490030005000201307000000000709306000100080076070000009900067000
537429861682715943491638725864291357315874692729356418143982576276543189958167234
800309010000700008053020000000000600270000035001000000000090860300008000010205004
862349517149756328753821946984513672276984135531672489425197863397468251618235794
000610020700009500009005781042000000100000007000000430825100900001900003030078000
584617329713829546269345781342796158158234697697581432825163974471952863936478215
840001070000270380002000000020105600010000040006407010000000700074068000060700039
849531276651279384732846951423185697517693842986427513295314768374968125168752439
000000060080005900960004001090800600020403090005001030400700023008500040050000000
543179268182635974967284351394827615621453897875961432416798523238516749759342186
800070004040300200039040070000063000001409300000720000070080120005002060200030009
862175934147396258539248671794863512621459387358721496973684125485912763216537849
006001805300900004000208090070090003009000600500060040090305000700009001103400900
926741835381956274457238196674192583839574612512863749298315467745689321163427958
600005800005300010000406090000000049700109008490000000010603000020004700003200005
639715824245398617187426593351867249762149358498532176514673982826954731973281465
620000004100850009800000710000700008080915030900006000048000001500048003700000086
629371854174852369853469712215734698486915237937286145348697521562148973791523486
005420000090000000308009504001090057000803000680070400104900603000000090000056100
715428369496531782328769514231694857547813926689275431154982673863147295972356148
002090800040007200000000560008910000400503001000068300053000000001200070004030900
532694817146857239987321564368912745429573681715468392853749126691285473274136958
050230000940000002000004001389020004070000020600050819500300000200000093000072060
851239647943617582762584931389126754175498326624753819596341278217865493438972165
035000000900000074400206050058403100000000000006708430070309002620000007000000590
835974216962135874417286953758463129143592768296718435571349682629851347384627591
020006004030708200040100039060001000800060002000200010450002070003804020100600040
721936854539748261648125739265491387817563492394287615456312978973854126182679543
000540001080010000571000000008209070009000600040301200000000419000070020800025000
962548731483712956571693842358269174219457683647381295725836419136974528894125367
050020304000007020008600000000710203009802700702096000000001400090200000406080050
957128364361947825248653917684715293519832746732496581823561479195274638476389152
070000100600009020024507000000700480063000270087003000000108730050900002008000010
879326145615489327324517698592761483463895271187243956246158739751934862938672514
000000200100060040208390010869000000003080900000000783070052108080070004006000000
695418237137265849248397516869731425723584961451926783374652198982173654516849372
000040075008900006010600090004800002002000900800005600080009030500003400230080000
926348175748951326315672894194836752652417983873295641481569237569723418237184569
050000400003900002000100070600703050100509004080204009070001000200008600005000030
751832496463975182928146573694713258132589764587264319376491825219358647845627931
900010800085000070030900000000021600041608930006790000000002060010000390004060001
967215843185346279432987516793421685241658937856793124579132468618574392324869751
000000000009307004873904002001000040007010600020000700600705238700106400000000000
246851397159327864873964512361278945487519623925643781614795238732186459598432176
000000310032008040000016700040030109501000203309050070008140000010900420074000000
796524318132798546485316792847632159561479283329851674258143967613987425974265831
010060000005402010008000070080700006300000004200008030090000400030609500000030060
713865942965472318428391675581743296379126854246958731692517483134689527857234169
018007026000800014000501900007050003000704000800010400001603000760005000350900260
518497326679832514243561978497256183135784692826319457981623745762145839354978261
002060500000003007010200930067010080020604090050020760038001070100400000004080300
342967518689153247715248936967315482823674195451829763238591674176432859594786321
000007020003000508100604007050008700000090000004700060400805002206000400080100000
948537126763921548125684397652418739371296854894753261437865912216379485589142673
600200050405060070900040008006800090500607004020004800700080005050070109090001006
678293451435168972912745638346812597589637214127954863761489325254376189893521746
083120007006000000000305004090003000504000902000900070900508000000000600600034150
483126597756489231129375864297853416534617982861942375912568743345791628678234159
045900308210380000600000000003012000000507000000890400000000007000036054901008260
745961328219385746638724591493612875182547639576893412364259187827136954951478263
800001000600004020070002364100000090005000700090000002348900050050100006000500009
824361975639754821571892364182475693465239718793618542348926157957143286216587439
600400007070200010900007006086300000001070500000008460800700009090002080200001005
618435297375296814942817356586324971421679538739158462854763129197542683263981745
000020040000906200010000500200013006709000103400650008008000010003205000020080000
876521349354976281912438567285713496769842153431659728548397612193265874627184935
290600010006020400100000096020003000700000001000800030580000009002070500060004028
293645817876129453145387296628713945739452681451896732584261379312978564967534128
300021060070000001050876200903200000000010000000003906001732080700000090060150002
389421567276395841154876239913267458645918723827543916591732684732684195468159372
300060090002000700900010005030100000005748100000002070100080006006000900050070004
384567291512894763967213485738159642625748139491632578179485326846321957253976814
200300000000896400087002300042000000910000065000000140006400850001968000000003002
269347581153896427487152396342615978918734265675289143736421859521968734894573612
000080305006509008040000060209300450000000000083001906020000030300607500604090000
792486315136579248845132769279368451561924873483751926927815634318647592654293187
009700120000000000710200009157030008000000000400080673900002054000000000086005300
869743125524819736713256489157634298638927541492581673971362854345178962286495317
004007000090002005102000830000046020006000500020980000013000702400700050000400100
634857219798312465152694837587146923946273581321985674813569742469721358275438196
073000104000002060600008900000080305000105000504030000008200001030500000409000650
273659184891342567645718932912486375367125849584937216758263491136594728429871653
300720000609000000004009000807003904400000007903200106000600700000000605000038009
385726491619354872274819563827163954461985327953247186532691748198472635746538219
000200084000093200204005090400008705098000460503700008040500301002130000310009000
935217684186493257274685193421968735798351462563742918849576321652134879317829546
002680007300410000007002100190000080000060000070000021004500300000074005600031400
512683947369417852487952136193725684245168793876349521724596318931874265658231479
000000573008023000000006201080070009009208700700060010602500000000630900913000000
261984573578123496394756281186475329439218765725369814642597138857631942913842657
807100920005030800000078000490000600003406100008000094000360000009040700064007503
837154926215639847946278351491782635523496178678513294782365419359841762164927583
074020006130069000005400000000000201010000080903000000000004500000910034400030670
874325196132869745695471328748693251516247983923158467369784512257916834481532679
030090005104000000000250010097000000320000094000000170080023000000000308200070040
832491765154367289976258413697514832321786594548932176489123657715649328263875941
020080060000600007003700000700004120600000005094500006000009400300001000010030080
927183564451692837863745291735964128682317945194528376276859413348271659519436782
000540700074000009060008000003420000408107502000083400000800070800000920009071000
981542763574316289362798145713425896498167532256983417125839674837654921649271358
700000000820000070693800005060092000070643080000580060500008736040000092000000001
754236918821954673693871425468192357175643289932587164519428736346715892287369541
105600000004003200020700009900000010300000008050000002600002050007300900000008607
135629784794183265826745139978234516362591478451867392619472853287356941543918627
800005900009600700000080030980100300100708009003002081090040000002007400008300005
836275914249613758751984236984156327125738649673492581397541862512867493468329175
400070016170008020900000300006002007200705001700900200004000005030600082820050009
482379516173568924965421378356812497249735861718946253694287135531694782827153649
010400006000050813700000000001003002907000605200700300000000008492060000800001050
315489726649257813728136594581643972937812645264795381153974268492568137876321459
800040007427000090050700000309125000000070000000894305000006020010000548700010009
896342157427561893153789264379125486584673912261894375938456721612937548745218639
057009000820004700600080000400001600070000050006300009000020007009400082000500940
157239864823654791694187235435791628971862453286345179548926317769413582312578946
200000000091046000070001000160005800903000102007800036000400060000130270000000009
245973618891546723376281945164325897983764152527819436738492561659138274412657389
006000020730100008800000900000017050400302009070980000004000003600004072050000400
146879325739125648825643917398417256461352789572986134284761593613594872957238461
059400010000906305000070004060001030000040000070200040700020000604107000010004980
259438716847916325136572894468791532521843679973265148785329461694187253312654987
060700005000050800450310000040072000307000208000190060000085094004030000600007030
861729345739456821452318679146872953397564218528193467213685794974231586685947132
006070008030000470080400000804006037000702000350800906000001050012000080400020700
246173598935268471781459362824596137169732845357814926673981254512347689498625713
000270430570008000002000807005004008260000094800600100308000600000400021041062000
186275439573948216492316857915724368267831594834659172328197645659483721741562983
401003000006000002200059000060001000102000704000300090000740001300000200000600408
471263859596874312283159647769481523132596784854327196628745931347918265915632478
000000031600041200000038006200010780019000650057060009900850000008120007170000000
482675931635941278791238546264519783319784652857362419923857164548126397176493825
000020300000060520002804000096300400070040030003006210000103600045070000007090000
769521348384769521512834769296317485871245936453986217928153674145672893637498152
680300020000706000030050100260000001400105002100000073001090050000503000050002034
689341725514726398732859146265937481473185962198264573321498657846573219957612834
900040100007803000300009080800000060019000420040000008050300006000605800008020007
985746132127853649364219785832974561719568423546132978451387296273695814698421357
004160070008000009020080000200500960010090020096003004000030010400000200030051400
354169872178245639629387541243518967817694325596723184965432718481976253732851496
002804000000005900658000000090503048001000500340708010000000126004200000000301700
912874365437165982658932471796513248821649537345728619583497126174256893269381754
003700000040092050000006001007000140605000803094000600800400000050970060000005200
563714982148392756729586431287639145615247893394158627876423519452971368931865274
300270600504000900000850000900000800710000029005000001000046000009000206001032007
398274615574361982162859374946127853713685429825493761237546198459718236681932547
090800317600200000830100400008000070700000008060000900001007046000001005325006090
592864317614273589837195462258649173749312658163758924981537246476921835325486791
800100500000079200000030014000900602060000040503006000470080000002350000001004007
894162573135479286627538914718945632269813745543726198476281359982357461351694827
004900000030500001850074002002000000310040089000000100600410038700006090000009600
164932875237568941859174362972681453316245789548793126695417238781326594423859617
030900057000700068000000100040810000061020570000065080002000000390008000580003020
634981257129754368758632149945817632861329574273465981412576893396248715587193426
300104050100030007026500000800000560509000703061000004000003490600010008080609005
378164952154932687926578341832741569549286713761395824217853496695417238483629175
700652008002001600000000200000560010506000704040098000009000000008100400100985007
713652948492871653865349271937564812586213794241798536379426185658137429124985367
201000000050190070030602000008007900904000806002300100000506080080071020000000509
241738695856194273739652418318467952974215836562389147493526781685971324127843569
090108000002000730000700008004200081800000005650004900700002000045000800000905010
597138426182546739436729158974253681821697345653814972719482563245361897368975214
008001000900400000020600308503090407060804050409010806805002030000005002000900100
348721569956438271127659348583296417261874953479513826895162734714385692632947185
036008020972010008800000000000004001001287300700600000000000003100040786090100240
536498127972513468814762539283954671651287394749631852467825913125349786398176245
070603000004500000001079040050000139009080400147000080010430900000008300000106050
975643821384512697261879543852764139639281475147395286518437962726958314493126758
010005000000400000005000807900024100006709400007530008301000600000002000000900040
618375294729418536435296817983624175156789423247531968391847652574162389862953741
100000700000500600060020030300700005000908000900001008020090070004002000007000001
148369752239517684765824139382746915451938267976251348823195476514672893697483521
701000030000000100046800020453708060000903000010605473030009510004000000070000309
721594638385276194946831725453718962267943851819625473632489517194357286578162349
080020004002580010503000020000250009050000070900071000010000702030018900600040080
187326594492587613563194827748253169351469278926871435819635742234718956675942381
470000009003040800500007600009600080810000073040008900005400006007030400600000091
478261539263945817591387642759623184816594273342718965185479326927136458634852791
008010970000002100070095200003060005090201060200050700002540010007100000081020500
528416973349782156176395248713964825895271364264853791932548617657139482481627539