000531700040006003000000008002900004060000050400007800300000000800700020007349000
689531742245876913731294568172958634968413257453627891396182475814765329527349186
060580900805000060000032008000700030700854006080003000400360000050000603006028010
163587942825149367947632158592716834731854296684293571418365729259471683376928415
080020900600045010007000006030890700000000000001053090200000100010460007004030050
185326974629745813347918526432891765956274381871653492263587149518469237794132658
806005900000800650020000400600500090000798000030006005004000030071004000008300701
816475923943821657725639418687543192152798364439216875264187539371954286598362741
060001008100050000000200300050040107001807200704020060008004000000090006300700050
269431578173958624845276391652349187931867245784125963598614732427593816316782459
060000500000009024200536000500800900001000400009001003000925006390100000005000070
967412538153789624248536791532864917681397452479251863714925386396178245825643179
076090000000000000000604108007046090200908004010250600504709000000000000000020470
176892345842315967953674128387146592265938714419257683524769831791483256638521479
030700000096800020820030000000200900210050086005007000000010069050003240000002010
534721698796845123821639574347286951219354786685197432472518369158963247963472815
000000238004200001020009000030060005005308700600020040000100070400002600856000000
579641238364287591128539467732964185945318726681725349293156874417892653856473912
208070000060004009040390600400001800600000005005900007004089030800500040000060508
298675314563214789147398652429751863671832495385946127754189236836527941912463578