000004906006308000000076810407090005009000700600030104078140000000709300104600000
781524936926318457543976812437291685819465723652837194378142569265789341194653278
007401300100000000200703450000007036001040900670100000082604003000000009009305700
857461392134952867296783451948527136321846975675139284782694513513278649469315728
104000050090020000000013046008102300300040007002706800810490000000070080030000405
124687953693524178587913246978152364361849527452736891816495732245371689739268415
000012490000587030060090002290000007000706000700000028400060050080435000051970000
837612495924587136165394782296843517518726349743159628479261853682435971351978264
000083650070000080500000390060009240300708006059200070037000009010000060096840000
921483657673925184584671392768139245342758916159264873837516429415392768296847531
050470006900300074600051000000800300500090002009005000000730008420009007700012040
352478916918326574674951823241867395567193482839245761196734258425689137783512649
300400072000020300267090008000280000098000210000041000600010429004060000970004005
319458672845627391267193548431289756598376214726541983683715429154962837972834165
204030807010800040050000000080003705900080004703500080000000020060007010801040509
294136857617895243358274961186423795925781634743569182579318426462957318831642579
008602000040010809030908050901300600000000000006001405060409010804030090000806300
198652743245713869637948152951384627423567981786291435362479518874135296519826374
024087090000036200090020000301079000070000080000510903000050010008260000030790620
624187395857936241193425867381679452579342186246518973962853714718264539435791628