000790060900002010500600024600000030007000500080000007450008003060200009090045000
824791365936452718571683924619574832347826591285319647452968173168237459793145286
000100390007002410410060008000940800000000000006015000600050073028300100039001000
265184397897532416413769528352947861184623759976815234641258973728396145539471682
020000000030290460006305000080400902040000010302007050000609100071043080000000040
928764531537291468416385297185436972749852316362917854854679123271543689693128745
020000050600240800047081002000003610000000000069100000800630120001052006050000070
128396754635247891947581362582473619713965248469128537874639125391752486256814973
000584600000000140030060700000006210900000003024300000007040060019000000003697000
791584632862739145435261798358976214976412583124358976287145369619823457543697821
000034008030000500100650002048000006050403080900000320600042001001000090700890000
562934718834127569179658432348279156256413987917586324695342871481765293723891645
000082360000701980000004000090000006604000702700000030000500000042103000035470000
417982365263751984589364271398217546654839712721645839176528493842193657935476128
790160300004080000001000000503700040600908002040005701000000100000090400008031056
795162384364589217281473695523716849617948532849325761932654178156897423478231956
010009050890070000005020700100002903600000007309600004008010600000060025040200070
217849356893576142465123798154782963682394517379651284528417639731968425946235871
700000000000020084980004710000009231000000000176800000042100069860040000000000003
724918356631725984985364712458679231293451678176832495342187569869543127517296843