004200000060001708070350400400005070000010000020800006009023010306500080000007600
194278365563491728872356491431965872658712943927834156789623514316549287245187639
070060930080305000900700800002004307000000000408900500007009003000503090019040020
275468931186395274943721856592184367731652489468937512857219643624573198319846725
100040709260700000080002000000000036702030108310000000000800090000009012903010004
135648729269751483487392651894175236752936148316284975641823597578469312923517864
040098030000340000200005008031000002028000670400000380600100003000067000080420090
746298135859341267213675948931786452528934671467512389674159823392867514185423796
600040700007002000008000640060009070000281000040300080096000200000100900002070005
659843721437612598128795643861459372973281456245367189796538214584126937312974865
100080000030100009048300000000700026006529400470008000000003260800007090000090001
127984653635172849948365172589741326316529487472638915791453268863217594254896731
350100900009056004600300008800000200073000180002000007900007001700460800001009063
354128976189756324627394518816973245573642189492815637968237451735461892241589763
100890000007260900000001008602004800050010040001600705900300000004072100000089003
146897352837265914529431678692754831753918246481623795918346527364572189275189463
900041000700500400800000703500009000010000060000800002109000007004006008000350009
935741286726538491841692753563129874218473965497865312159284637374916528682357149
000027093000600100000090040000009420090802060036500000020080000008006000140230000
561427893489653172372198546815369427794812365236574918623981754958746231147235689