300001400009047200410080003001500000040030070000004800200070065003490700008600004
326951487589347216417286593671528349845139672932764851294873165163495728758612934
580003000060005730002690000000200098000030000690008000000016800079800020000300014
587123469961485732432697185745261398218739546693548271324916857179854623856372914
051000000000093006000700901600200100003409700009008003107004000800360000000000840
951826374478193256362745981645237198283419765719658423127584639894362517536971842
000002009008056000000000678100600830400000007067005002213000000000570100700300000
674182359938756241521934678152697834489213567367845912213468795846579123795321486
010300020040002000502180007600000500700010006004000009400026708000800030090001050
817369425943572861562184397681297543759413286324658179435926718176845932298731654
406319800080057400000000000093001050004000700020700940000000000002970010008642307
456319872381257469279864135793421658864593721125786943947135286632978514518642397
803000400700800003040060000600500090080623040070004005000030050400002008001000904
893215476726849513145367829614578392589623741372194685968431257437952168251786934
405001790000002000320090050043000000000209000000000420030050071000900000017300906
485631792791582364326794158243175689678249513159863427932456871864917235517328946
000009014090700208004000970050031000049507380000940050063000100507003040410600000
672389514395714268184256973756831492249567381831942657963478125527193846418625739
000000780020348000081007300000059000370060018000810000002900650000485020035000000
593126784726348195481597362218759436379264518654813279842931657167485923935672841