005037210214980000090005840140000080900742001070000092021500030000024178037160900
685437219214986753793215846142693587958742361376851492821579634569324178437168925
070290381003001249190483000020800500030000020004002090000978063369500800748026010
476295381583761249192483657921847536837659124654132798215978463369514872748326915
300020007006705038087000520200950306005814700701062005072000680860209100500080009
359128467126745938487693521248957316635814792791362845972531684864279153513486279
805609007009004805706035020050401670004000500067302040030560201502100700600208403
845629317329714865716835924253481679184976532967352148438567291592143786671298453
026800000030007046490060000000378051613594872780216000000020018270400060000001420
526843197138957246497162583942378651613594872785216934354629718271485369869731425
300240008860030200040081760600072391020000070197860002032690080004020039900014007
375246918861937245249581763658472391423159876197863452732695184514728639986314527
060029180120000960009100032630004020052080670070600013810005700047000051096710040
365429187124837965789156432631574829952381674478692513813245796247968351596713248
070013000400750003050820004040298076006371500720645010500087020600032001000560030
978413265462759183351826794145298376896371542723645918534187629687932451219564837
010758200000010050008006107063580472100090005485072310804900700070040000001867020
619758243732419856548236197963581472127394685485672319854923761276145938391867524
801000903060090000034816207000061092106904705790250000309642510000070020402000609
851427963267395481934816257543761892126984735798253146379642518685179324412538679