000103400354709261009026803807930504201060708405017306903640100578301642006208000
682153479354789261719426853867932514231564798495817326923645187578391642146278935
320950647001670800076048015817000039259000164460000728130280970002094300795063082
328951647541672893976348215817426539259837164463519728134285976682794351795163482
850392047429006038706108592000000870175000264048000000583604709260900415910725086
851392647429576138736148592692451873175839264348267951583614729267983415914725386
980027300160030029307900648012006975730050082549700130498003207270090064001270093
984627351165438729327915648812346975736159482549782136498563217273891564651274893
073000849086370510925008307312080000690523081000010423508200974069037150741000230
173652849486379512925148367312784695694523781857916423538261974269437158741895236
452038769900006523307000400670081042084090350290360017006000108849600005531870694
452138769918746523367925481673581942184297356295364817726459138849613275531872694
169034052740926310082700049071003004008090500500400930610002890094587063850160427
169834752745926318382715649971653284438291576526478931617342895294587163853169427
380950200400382905925410870000045610008769500054120000037091486809534007002078059
386957241471382965925416873793845612218769534654123798537291486869534127142678359
008043070745619200391072604030056140020701060056930080902460513003197426010320800
268543971745619238391872654837256149429781365156934782972468513583197426614325897
345206807007183050806740320000820065650307048470069000021058403060472500504901276
345296817297183654816745329139824765652317948478569132721658493963472581584931276