780040000009803140003020070000730920004902300032058000050080400048307500000060083
785149632629873145413526879561734928874912356932658714356281497248397561197465283
601040000008000000050708200020600300903000406005003070004507020000000100000090503
671942835248351769359768214427689351913275486865413972194537628536824197782196543
090800000540006000238000500400200100600405007005007006002000451000500098000002070
796854312541326789238719564479268135613495827825137946982673451367541298154982673
350002900020007001000300400000800610002401700083006000001008000400100070008700056
354612987829547361617389425745893612962451738183276594571968243436125879298734156
040050060900400030002000009080030190001506800034090020600000900070002006020080050
143859267967421538852763419586237194291546873734198625618375942475912386329684751
800005040010480002000002000000009081190000027730100000000700000500046010020800003
872935146615487932349612875254379681198564327736128594461793258583246719927851463
008100630000200005050300017000900400090020080004003000230001060900005000087002900
428157639371269845659348217512986473793524186864713592235491768946875321187632954
006034079820090061000000000010820000560000028000046030000000000680050017940760200
156234879823597461479618352317825694564379128298146735731982546682453917945761283
800200000201764000040030601108000430000000000039000205306070010000125306000006004
863251749291764853745938621158692437627543198439817265386479512974125386512386974
010000480009400003000081000030004800600050007005200040000160000900005100028000050
316597482589426713274381569732614895641958237895273641453162978967835124128749356